0  38.161418            
1.0005117  38.127212            
2.0010234  38.07761            
3.0015351  38.039456            
4.0020468  37.982398            
5.0025586  37.942074            
6.0030703  37.879381            
7.003582  37.838806            
8.0040937  37.772272            
9.0046054  37.733151            
10.005117  37.664195            
11.005629  37.627765            
12.006141  37.557289            
13.006652  37.524101            
14.007164  37.452302            
15.007676  37.422238            
16.008187  37.348702            
17.008699  37.32098            
18.009211  37.244755            
19.009723  37.21816            
20.010234  37.137965            
21.010746  37.111028            
22.011258  37.025524            
23.011769  36.996794            
24.012281  36.904757            
25.012793  36.87297            
26.013304  36.773551            
27.013816  36.737853            
28.014328  36.630643            
29.01484  36.590613            
30.015351  36.475716            
31.015863  36.431507            
32.016375  36.30957            
33.016886  36.261703            
34.017398  36.133835            
35.01791  36.083263            
36.018422  35.95088            
37.018933  35.898806            
38.019445  35.763516            
39.019957  35.711205            
40.020468  35.574709            
41.02098  35.523358            
42.021492  35.387184            
43.022004  35.337809            
44.022515  35.20322            
45.023027  35.156502            
46.023539  35.024451            
47.02405  34.980675            
48.024562  34.851653            
49.025074  34.810689            
50.025586  34.684781            
51.026097  34.646135            
52.026609  34.523178            
53.027121  34.486101            
54.027632  34.365686            
55.028144  34.329413            
56.028656  34.211192            
57.029168  34.175083            
58.029679  34.058961            
59.030191  34.022768            
60.030703  33.909105            
61.031214  33.873131            
62.031726  33.76291            
63.032238  33.728205            
64.032749  33.623068            
65.033261  33.59137            
66.033773  33.493681            
67.034285  33.467399            
68.034796  33.38            
69.035308  33.362055            
70.03582  33.288181            
71.036331  33.28171            
72.036843  33.224603            
73.037355  33.232677            
74.037867  33.195349            
75.038378  33.220703            
76.03889  33.205621            
77.039402  33.250323            
78.039913  33.259226            
79.040425  33.324636            
80.040937  33.358347            
81.041449  33.44498            
82.04196  33.503535            
83.042472  33.611114            
84.042984  33.693787            
85.043495  33.821459            
86.044007  33.927093            
87.044519  34.073752            
88.045031  34.200977            
89.045542  34.365544            
90.046054  34.513231            
91.046566  34.695057            
92.047077  34.862586            
93.047589  35.061743            
94.048101  35.249355            
95.048613  35.466877            
96.049124  35.675835            
97.049636  35.913833            
98.050148  36.146444            
99.050659  36.408091            
100.05117  36.667596            
101.05168  36.956881            
102.05219  37.247213            
103.05271  37.568667            
104.05322  37.894014            
105.05373  38.252191            
106.05424  38.616557            
107.05475  39.015604            
108.05526  39.422297            
109.05578  39.865503            
110.05629  40.316805            
111.0568  40.806252            
112.05731  41.303138            
113.05782  41.839603            
114.05834  42.381765            
115.05885  42.964784            
116.05936  43.550825            
117.05987  44.179062            
118.06038  44.806959            
119.06089  45.478701            
120.06141  46.146381            
121.06192  46.86018            
122.06243  47.566116            
123.06294  48.321359            
124.06345  49.065166            
125.06396  49.862502            
126.06448  50.645177            
127.06499  51.486645            
128.0655  52.310628            
129.06601  53.199536            
130.06652  54.068306            
131.06703  55.008695            
132.06755  55.926169            
133.06806  56.922103            
134.06857  57.891862            
135.06908  58.946578            
136.06959  59.971025            
137.0701  61.086223            
138.07062  62.16604            
139.07113  63.34137            
140.07164  64.475183            
141.07215  65.708329            
142.07266  66.892931            
143.07317  68.179923            
144.07369  69.410978            
145.0742  70.747084            
146.07471  72.020004            
147.07522  73.400806            
148.07573  74.711972            
149.07624  76.134472            
150.07676  77.482227            
151.07727  78.945725            
152.07778  80.331067            
153.07829  81.83758            
154.0788  83.264242            
155.07932  84.81832            
156.07983  86.292289            
157.08034  87.900361            
158.08085  89.429006            
159.08136  91.098051            
160.08187  92.68869            
161.08239  94.424957            
162.0829  96.083521            
163.08341  97.891227            
164.08392  99.62119            
165.08443  101.50172            
166.08494  103.3036            
167.08546  105.25536            
168.08597  107.12682            
169.08648  109.14571            
170.08699  111.08251            
171.0875  113.16287            
172.08801  115.15999            
173.08853  117.29632            
174.08904  119.34953            
175.08955  121.53761            
176.09006  123.6445            
177.09057  125.88244            
178.09108  128.04321            
179.0916  130.3316            
180.09211  132.54885            
181.09262  134.89022            
182.09313  137.16801            
183.09364  139.56581            
184.09415  141.90814            
185.09467  144.36489            
186.09518  146.77415            
187.09569  149.28986            
188.0962  151.76544            
189.09671  154.33688            
190.09723  156.87464            
191.09774  159.49493            
192.09825  162.08752            
193.09876  164.74743            
194.09927  167.38588            
195.09978  170.07548            
196.1003  172.75131            
197.10081  175.46257            
198.10132  178.17046            
199.10183  180.89967            
200.10234  183.63954            
201.10285  186.38898            
202.10337  189.16704            
203.10388  191.94516            
204.10439  194.77345            
205.1049  197.59414            
206.10541  200.48837            
207.10592  203.36738            
208.10644  206.34363            
209.10695  209.29532            
210.10746  212.3655            
211.10797  215.39827            
212.10848  218.56641            
213.10899  221.67886            
214.10951  224.93822            
215.11002  228.11773            
216.11053  231.44955            
217.11104  234.67247            
218.11155  238.04822            
219.11206  241.2825            
220.11258  244.66783            
221.11309  247.87879            
222.1136  251.23913            
223.11411  254.39551            
224.11462  257.70336            
225.11513  260.78407            
226.11565  264.02468            
227.11616  267.0239            
228.11667  270.19933            
229.11718  273.12941            
230.11769  276.25987            
231.11821  279.1501            
232.11872  282.27079            
233.11923  285.16356            
234.11974  288.3196            
235.12025  291.26289            
236.12076  294.50027            
237.12128  297.53888            
238.12179  300.89599            
239.1223  304.06294            
240.12281  307.56253            
241.12332  310.87193            
242.12383  314.51537            
243.12435  317.95869            
244.12486  321.72473            
245.12537  325.2721            
246.12588  329.11933            
247.12639  332.72329            
248.1269  336.59697            
249.12742  340.20158            
250.12793  344.04347            
251.12844  347.59383            
252.12895  351.35143            
253.12946  354.80386            
254.12997  358.44006            
255.13049  361.76953            
256.131  365.26876            
257.13151  368.47313            
258.13202  371.84282            
259.13253  374.94237            
260.13304  378.21074            
261.13356  381.2434            
262.13407  384.45225            
263.13458  387.46502            
264.13509  390.66093            
265.1356  393.7004            
266.13612  396.924            
267.13663  400.02671            
268.13714  403.30468            
269.13765  406.48955            
270.13816  409.82926            
271.13867  413.09435            
272.13919  416.48173            
273.1397  419.80482            
274.14021  423.20803            
275.14072  426.55187            
276.14123  429.92747            
277.14174  433.24739            
278.14226  436.54915            
279.14277  439.80197            
280.14328  442.98968            
281.14379  446.14184            
282.1443  449.18865            
283.14481  452.22271            
284.14533  455.11921            
285.14584  458.03546            
286.14635  460.79026            
287.14686  463.60552            
288.14737  466.24135            
289.14788  468.98417            
290.1484  471.53272            
291.14891  474.23614            
292.14942  476.72984            
293.14993  479.4247            
294.15044  481.8902            
295.15095  484.59759            
296.15147  487.05048            
297.15198  489.77892            
298.15249  492.22121            
299.153  494.96548            
300.15351  497.38649            
301.15402  500.13039            
302.15454  502.51002            
303.15505  505.23            
304.15556  507.54421            
305.15607  510.21527            
306.15658  512.44145            
307.1571  515.04245            
308.15761  517.16382            
309.15812  519.68094            
310.15863  521.68944            
311.15914  524.11787            
312.15965  526.01357            
313.16017  528.35585            
314.16068  530.14548            
315.16119  532.40855            
316.1617  534.1015            
317.16221  536.29347            
318.16272  537.89772            
319.16324  540.02262            
320.16375  541.54148            
321.16426  543.59812            
322.16477  545.02806            
323.16528  547.00805            
324.16579  548.3395            
325.16631  550.22897            
326.16682  551.44852            
327.16733  553.23169            
328.16784  554.32494            
329.16835  555.98778            
330.16886  556.94498            
331.16938  558.4782            
332.16989  559.29606            
333.1704  560.69929            
334.17091  561.38306            
335.17142  562.66416            
336.17193  563.22775            
337.17245  564.40201            
338.17296  564.86476            
339.17347  565.95136            
340.17398  566.33429            
341.17449  567.3512            
342.17501  567.67236            
343.17552  568.63264            
344.17603  568.90269            
345.17654  569.81023            
346.17705  570.02962            
347.17756  570.87775            
348.17808  571.03653            
349.17859  571.80854            
350.1791  571.88758            
351.17961  572.55968            
352.18012  572.53489            
353.18063  573.0801            
354.18115  572.92676            
355.18166  573.32044            
356.18217  573.01861            
357.18268  573.24288            
358.18319  572.78094            
359.1837  572.82784            
360.18422  572.2051            
361.18473  572.07797            
362.18524  571.30432            
363.18575  571.01613            
364.18626  570.11017            
365.18677  569.68119            
366.18729  568.66645            
367.1878  568.11981            
368.18831  567.021            
369.18882  566.37889            
370.18933  565.21691            
371.18984  564.49657            
372.19036  563.28615            
373.19087  562.49763            
374.19138  561.24587            
375.19189  560.39149            
376.1924  559.09758            
377.19291  558.17331            
378.19343  556.83162            
379.19394  555.82891            
380.19445  554.43009            
381.19496  553.33925            
382.19547  551.87361            
383.19599  550.68575            
384.1965  549.14641            
385.19701  547.856            
386.19752  546.2389            
387.19803  544.84406            
388.19854  543.14923            
389.19906  541.652            
390.19957  539.88178            
391.20008  538.28591            
392.20059  536.44473            
393.2011  534.7554            
394.20161  532.84739            
395.20213  531.06865            
396.20264  529.09626            
397.20315  527.231            
398.20366  525.19556            
399.20417  523.24435            
400.20468  521.14488            
401.2052  519.10787            
402.20571  516.9426            
403.20622  514.81906            
404.20673  512.58715            
405.20724  510.37739            
406.20775  508.07885            
407.20827  505.78538            
408.20878  503.42234            
409.20929  501.04951            
410.2098  498.62606            
411.21031  496.18009            
412.21082  493.70158            
413.21134  491.18911            
414.21185  488.66135            
415.21236  486.08889            
416.21287  483.51626            
417.21338  480.88848            
418.2139  478.27329            
419.21441  475.59268            
420.21492  472.93473            
421.21543  470.20119            
422.21594  467.49828            
423.21645  464.71027            
424.21697  461.95908            
425.21748  459.11443            
426.21799  456.31209            
427.2185  453.40983            
428.21901  450.55522            
429.21952  447.59697            
430.22004  444.69229            
431.22055  441.68273            
432.22106  438.73303            
433.22157  435.68028            
434.22208  432.69376            
435.22259  429.60783            
436.22311  426.59438            
437.22362  423.4862            
438.22413  420.45528            
439.22464  417.33464            
440.22515  414.29358            
441.22566  411.16681            
442.22618  408.11922            
443.22669  404.98873            
444.2272  401.93394            
445.22771  398.79781            
446.22822  395.731            
447.22873  392.58315            
448.22925  389.49639            
449.22976  386.32887            
450.23027  383.21313            
451.23078  380.01737            
452.23129  376.86449            
453.2318  373.63401            
454.23232  370.43847            
455.23283  367.17004            
456.23334  363.93041            
457.23385  360.6248            
458.23436  357.34371            
459.23488  354.00571            
460.23539  350.68916            
461.2359  347.32649            
462.23641  343.98305            
463.23692  340.60437            
464.23743  337.24291            
465.23795  333.85676            
466.23846  330.48496            
467.23897  327.09788            
468.23948  323.72111            
469.23999  320.33711            
470.2405  316.9584            
471.24102  313.57887            
472.24153  310.19885            
473.24204  306.82354            
474.24255  303.44185            
475.24306  300.07011            
476.24357  296.68693            
477.24409  293.31916            
478.2446  289.9362            
479.24511  286.5749            
480.24562  283.19631            
481.24613  279.84664            
482.24664  276.47936            
483.24716  273.14866            
484.24767  269.80129            
485.24818  266.49833            
486.24869  263.18024            
487.2492  259.91344            
488.24971  256.63267            
489.25023  253.40855            
490.25074  250.17076            
491.25125  246.99257            
492.25176  243.79975            
493.25227  240.66734            
494.25279  237.51774            
495.2533  234.42693            
496.25381  231.3159            
497.25432  228.26039            
498.25483  225.18129            
499.25534  222.15388            
500.25586  219.10034            
501.25637  216.09485            
502.25688  213.0624            
503.25739  210.07517            
504.2579  207.06244            
505.25841  204.09357            
506.25893  201.10322            
507.25944  198.15663            
508.25995  195.1948            
509.26046  192.27776            
510.26097  189.35329            
511.26148  186.47477            
512.262  183.5977            
513.26251  180.76712            
514.26302  177.94672            
515.26353  175.17211            
516.26404  172.41577            
517.26455  169.70257            
518.26507  167.0147            
519.26558  164.3653            
520.26609  161.74714            
521.2666  159.16101            
522.26711  156.61126            
523.26762  154.08573            
524.26814  151.60141            
525.26865  149.13289            
526.26916  146.71069            
527.26967  144.29589            
528.27018  141.93333            
529.27069  139.57012            
530.27121  137.26605            
531.27172  134.954            
532.27223  132.70897            
533.27274  130.44921            
534.27325  128.26499            
535.27377  126.05968            
536.27428  123.93852            
537.27479  121.78983            
538.2753  119.73363            
539.27581  117.64299            
540.27632  115.65231            
541.27684  113.61983            
542.27735  111.69379            
543.27786  109.71788            
544.27837  107.854            
545.27888  105.932            
546.27939  104.12681            
547.27991  102.25548            
548.28042  100.50544            
549.28093  98.681944            
550.28144  96.9843            
551.28195  95.207075            
552.28246  93.560623            
553.28298  91.829947            
554.28349  90.235351            
555.284  88.553343            
556.28451  87.012967            
557.28502  85.383288            
558.28553  83.900577            
559.28605  82.32752            
560.28656  80.906065            
561.28707  79.393576            
562.28758  78.036074            
563.28809  76.586748            
564.2886  75.294152            
565.28912  73.908618            
566.28963  72.67978            
567.29014  71.356459            
568.29065  70.188088            
569.29116  68.923558            
570.29168  67.810856            
571.29219  66.600557            
572.2927  65.538067            
573.29321  64.377276            
574.29372  63.359891            
575.29423  62.244665            
576.29475  61.268506            
577.29526  60.196413            
578.29577  59.259314            
579.29628  58.229714            
580.29679  57.331345            
581.2973  56.345264            
582.29782  55.486688            
583.29833  54.546153            
584.29884  53.729146            
585.29935  52.836496            
586.29986  52.062726            
587.30037  51.219714            
588.30089  50.489981            
589.3014  49.697165            
590.30191  49.010939            
591.30242  48.267455            
592.30293  47.622837            
593.30344  46.926476            
594.30396  46.320462            
595.30447  45.668186            
596.30498  45.09734            
597.30549  44.485911            
598.306  43.946991            
599.30651  43.373699            
600.30703  42.864298            
601.30754  42.327377            
602.30805  41.846257            
603.30856  41.345132            
604.30907  40.892207            
605.30958  40.427229            
606.3101  40.00322            
607.31061  39.575259            
608.31112  39.181131            
609.31163  38.79093            
610.31214  38.427243            
611.31266  38.074795            
612.31317  37.741217            
613.31368  37.42542            
614.31419  37.120482            
615.3147  36.839049            
616.31521  36.56022            
617.31573  36.309963            
618.31624  36.054093            
619.31675  35.831441            
620.31726  35.595359            
621.31777  35.397009            
622.31828  35.17818            
623.3188  35.001698            
624.31931  34.798684            
625.31982  34.642893            
626.32033  34.455602            
627.32084  34.320578            
628.32135  34.150085            
629.32187  34.036867            
630.32238  33.884953            
631.32289  33.794977            
632.3234  33.663495            
633.32391  33.597881            
634.32442  33.48803            
635.32494  33.446955            
636.32545  33.358783            
637.32596  33.341113            
638.32647  33.273249            
639.32698  33.276455            
640.32749  33.226274            
641.32801  33.246756            
642.32852  33.210802            
643.32903  33.24448            
644.32954  33.219154            
645.33005  33.262128            
646.33057  33.244368            
647.33108  33.293669            
648.33159  33.281553            
649.3321  33.335483            
650.33261  33.328464            
651.33312  33.386757            
652.33364  33.385623            
653.33415  33.449194            
654.33466  33.455644            
655.33517  33.526023            
656.33568  33.542052            
657.33619  33.620761            
658.33671  33.647958            
659.33722  33.735837            
660.33773  33.774867            
661.33824  33.871659            
662.33875  33.921944            
663.33926  34.02616            
664.33978  34.085932            
665.34029  34.195033            
666.3408  34.261703            
667.34131  34.372657            
668.34182  34.443381            
669.34233  34.553245            
670.34285  34.625563            
671.34336  34.732096            
672.34387  34.80449            
673.34438  34.906582            
674.34489  34.978736            
675.3454  35.076562            
676.34592  35.149345            
677.34643  35.24415            
678.34694  35.319288            
679.34745  35.412957            
680.34796  35.492469            
681.34847  35.586912            
682.34899  35.672525            
683.3495  35.769078            
684.35001  35.861661            
685.35052  35.960685            
686.35103  36.059962            
687.35155  36.160653            
688.35206  36.265193            
689.35257  36.365723            
690.35308  36.473198            
691.35359  36.571096            
692.3541  36.678761            
693.35462  36.771459            
694.35513  36.876701            
695.35564  36.962032            
696.35615  37.062842            
697.35666  37.139451            
698.35717  37.234733            
699.35769  37.302255            
700.3582  37.391813            
701.35871  37.450736            
702.35922  37.535104            
703.35973  37.586478            
704.36024  37.6665            
705.36076  37.71148            
706.36127  37.787882            
707.36178  37.827314            
708.36229  37.900325            
709.3628  37.934454            
710.36331  38.003606            
711.36383  38.031983            
712.36434  38.096164            
713.36485  38.117802            
714.36536  38.175514            
715.36587  38.189207            
716.36638  38.238934            
717.3669  38.243696            
718.36741  38.284352            
719.36792  38.27979            
720.36843  38.311033            
721.36894  38.297572            
722.36946  38.31992            
723.36997  38.298839            
724.37048  38.313592            
725.37099  38.286792            
726.3715  38.295727            
727.37201  38.26535            
