0  33.447435            
0.99968137  33.416059            
1.9993627  33.445549            
2.9990441  33.455733            
3.9987255  33.38344            
4.9984069  33.442721            
5.9980882  33.40037            
6.9977696  33.313558            
7.997451  33.303957            
8.9971323  33.227948            
9.9968137  33.34311            
10.996495  33.30798            
11.996176  33.295292            
12.995858  33.222511            
13.995539  33.326902            
14.995221  33.215232            
15.994902  33.226329            
16.994583  33.282913            
17.994265  33.337446            
18.993946  33.23852            
19.993627  33.27215            
20.993309  33.410163            
21.99299  33.358137            
22.992672  33.285255            
23.992353  33.291031            
24.992034  33.368876            
25.991716  33.55082            
26.991397  33.658665            
27.991078  33.634338            
28.99076  33.722031            
29.990441  33.804932            
30.990123  33.860291            
31.989804  33.813868            
32.989485  34.015127            
33.989167  34.066323            
34.988848  34.168057            
35.988529  34.211631            
36.988211  34.283141            
37.987892  34.302005            
38.987574  34.272899            
39.987255  34.362076            
40.986936  34.612507            
41.986618  34.657525            
42.986299  34.676911            
43.98598  34.727466            
44.985662  34.960857            
45.985343  35.046179            
46.985024  35.055186            
47.984706  35.12162            
48.984387  35.066793            
49.984069  35.312698            
50.98375  35.328999            
51.983431  35.315436            
52.983113  35.396678            
53.982794  35.495616            
54.982475  35.468881            
55.982157  35.538892            
56.981838  35.585983            
57.98152  35.594063            
58.981201  35.678547            
59.980882  35.722958            
60.980564  35.665594            
61.980245  35.676018            
62.979926  35.648021            
63.979608  35.627229            
64.979289  35.653778            
65.978971  35.680292            
66.978652  35.621458            
67.978333  35.729411            
68.978015  35.692561            
69.977696  35.663795            
70.977377  35.627211            
71.977059  35.619259            
72.97674  35.449917            
73.976422  35.4169            
74.976103  35.414391            
75.975784  35.274272            
76.975466  35.180136            
77.975147  35.242225            
78.974828  35.160082            
79.97451  35.14997            
80.974191  34.91255            
81.973872  34.906418            
82.973554  34.75669            
83.973235  34.711921            
84.972917  34.574505            
85.972598  34.501909            
86.972279  34.305104            
87.971961  34.245619            
88.971642  34.183987            
89.971323  34.058268            
90.971005  33.984513            
91.970686  33.905253            
92.970368  33.853847            
93.970049  33.756934            
94.96973  33.546714            
95.969412  33.554311            
96.969093  33.475313            
97.968774  33.477847            
98.968456  33.470169            
99.968137  33.367893            
100.96782  33.235301            
101.9675  33.329666            
102.96718  33.125623            
103.96686  33.302599            
104.96654  33.149342            
105.96623  33.086184            
106.96591  33.125772            
107.96559  33.078167            
108.96527  33.205415            
109.96495  33.253444            
110.96463  33.340679            
111.96431  33.353258            
112.964  33.532423            
113.96368  33.492002            
114.96336  33.648593            
115.96304  33.779982            
116.96272  33.78156            
117.9624  33.898321            
118.96208  34.152447            
119.96176  34.256216            
120.96145  34.380976            
121.96113  34.559987            
122.96081  34.60243            
123.96049  34.768447            
124.96017  34.887553            
125.95985  35.09705            
126.95953  35.295123            
127.95922  35.527846            
128.9589  35.734566            
129.95858  35.91719            
130.95826  36.154375            
131.95794  36.38122            
132.95762  36.500371            
133.9573  36.689911            
134.95699  36.881432            
135.95667  37.067603            
136.95635  37.198535            
137.95603  37.442081            
138.95571  37.620711            
139.95539  37.796291            
140.95507  37.898458            
141.95475  38.142071            
142.95444  38.298269            
143.95412  38.413046            
144.9538  38.485761            
145.95348  38.615332            
146.95316  38.790998            
147.95284  38.910532            
148.95252  38.958676            
149.95221  39.156686            
150.95189  39.05669            
151.95157  39.279042            
152.95125  39.20846            
153.95093  39.208669            
154.95061  39.295433            
155.95029  39.368939            
156.94998  39.375932            
157.94966  39.312461            
158.94934  39.293925            
159.94902  39.337868            
160.9487  39.286738            
161.94838  39.281255            
162.94806  39.154759            
163.94774  39.065054            
164.94743  38.912409            
165.94711  38.792022            
166.94679  38.613862            
167.94647  38.498357            
168.94615  38.259936            
169.94583  38.099576            
170.94551  37.96143            
171.9452  37.717001            
172.94488  37.430772            
173.94456  37.264463            
174.94424  36.981898            
175.94392  36.673228            
176.9436  36.474717            
177.94328  36.175484            
178.94297  35.876436            
179.94265  35.699903            
180.94233  35.357987            
181.94201  35.052115            
182.94169  34.822586            
183.94137  34.552854            
184.94105  34.239771            
185.94074  34.090996            
186.94042  33.848901            
187.9401  33.590639            
188.93978  33.400491            
189.93946  33.382224            
190.93914  33.192739            
191.93882  33.144363            
192.9385  33.1128            
193.93819  33.140122            
194.93787  33.257137            
195.93755  33.267053            
196.93723  33.446634            
197.93691  33.744962            
198.93659  33.942071            
199.93627  34.229863            
200.93596  34.670339            
201.93564  35.038512            
202.93532  35.489622            
203.935  36.090367            
204.93468  36.600012            
205.93436  37.315823            
206.93404  38.039074            
207.93373  38.897178            
208.93341  39.808595            
209.93309  40.902765            
210.93277  41.862693            
211.93245  43.075691            
212.93213  44.418914            
213.93181  45.941931            
214.93149  47.411671            
215.93118  49.098554            
216.93086  50.703669            
217.93054  52.717015            
218.93022  54.561616            
219.9299  56.62191            
220.92958  58.805363            
221.92926  61.413858            
222.92895  63.990187            
223.92863  66.541308            
224.92831  69.261407            
225.92799  72.062888            
226.92767  75.004522            
227.92735  78.343612            
228.92703  81.7099            
229.92672  85.259914            
230.9264  88.654909            
231.92608  92.208548            
232.92576  96.530603            
233.92544  100.74663            
234.92512  104.94999            
235.9248  109.96888            
236.92449  114.34718            
237.92417  119.08328            
238.92385  124.22034            
239.92353  129.4245            
240.92321  134.56168            
241.92289  140.04218            
242.92257  144.39752            
243.92225  150.24848            
244.92194  155.60054            
245.92162  162.33639            
246.9213  167.31624            
247.92098  173.89466            
248.92066  180.33739            
249.92034  187.18784            
250.92002  193.41665            
251.91971  199.66187            
252.91939  207.18702            
253.91907  213.7386            
254.91875  220.11667            
255.91843  226.89302            
256.91811  235.06057            
257.91779  242.33947            
258.91748  249.22672            
259.91716  254.76132            
260.91684  262.88314            
261.91652  271.2921            
262.9162  277.94039            
263.91588  287.6291            
264.91556  294.68704            
265.91524  302.17568            
266.91493  310.52306            
267.91461  318.31931            
268.91429  327.94375            
269.91397  335.32466            
270.91365  345.34292            
271.91333  350.08748            
272.91301  357.76044            
273.9127  367.21242            
274.91238  374.10637            
275.91206  384.65382            
276.91174  391.53379            
277.91142  397.36967            
278.9111  407.18075            
279.91078  416.65941            
280.91047  425.25195            
281.91015  430.43877            
282.90983  437.58529            
283.90951  443.16172            
284.90919  451.12784            
285.90887  460.24879            
286.90855  468.11901            
287.90824  474.56716            
288.90792  482.07277            
289.9076  487.88879            
290.90728  493.39854            
291.90696  501.48096            
292.90664  509.52508            
293.90632  519.09594            
294.906  523.39258            
295.90569  527.72491            
296.90537  532.65675            
297.90505  540.85084            
298.90473  548.58452            
299.90441  552.10442            
300.90409  557.6262            
301.90377  565.79018            
302.90346  566.35378            
303.90314  573.76083            
304.90282  578.62629            
305.9025  584.52433            
306.90218  587.05764            
307.90186  593.84992            
308.90154  597.16461            
309.90123  601.92042            
310.90091  602.79912            
311.90059  610.45771            
312.90027  614.60007            
313.89995  618.31118            
314.89963  620.44153            
315.89931  621.32649            
316.89899  624.07269            
317.89868  626.40763            
318.89836  630.73931            
319.89804  630.63969            
320.89772  633.65231            
321.8974  637.66134            
322.89708  638.32607            
323.89676  640.65158            
324.89645  639.76808            
325.89613  642.45362            
326.89581  646.55846            
327.89549  647.3535            
328.89517  643.12048            
329.89485  646.69547            
330.89453  649.94863            
331.89422  646.97511            
332.8939  646.477            
333.89358  648.00524            
334.89326  647.11254            
335.89294  644.56144            
336.89262  645.88288            
337.8923  644.45008            
338.89199  643.43332            
339.89167  642.36186            
340.89135  639.64954            
341.89103  637.52052            
342.89071  641.07386            
343.89039  638.60662            
344.89007  639.3788            
345.88975  636.00605            
346.88944  631.71957            
347.88912  628.19141            
348.8888  629.4759            
349.88848  627.19145            
350.88816  624.49243            
351.88784  624.31264            
352.88752  621.58158            
353.88721  616.11469            
354.88689  613.54847            
355.88657  613.39123            
356.88625  608.81987            
357.88593  605.13007            
358.88561  607.03588            
359.88529  604.51701            
360.88498  600.86808            
361.88466  595.12518            
362.88434  593.28426            
363.88402  589.72033            
364.8837  587.94958            
365.88338  585.4632            
366.88306  581.60053            
367.88274  578.32413            
368.88243  575.06394            
369.88211  572.28291            
370.88179  572.25218            
371.88147  569.19605            
372.88115  568.33519            
373.88083  564.8936            
374.88051  560.18936            
375.8802  556.60077            
376.87988  553.41837            
377.87956  553.28858            
378.87924  548.06504            
379.87892  546.32311            
380.8786  544.06741            
381.87828  540.4469            
382.87797  538.43408            
383.87765  537.82898            
384.87733  536.18191            
385.87701  531.00731            
386.87669  529.64378            
387.87637  527.95061            
388.87605  525.28289            
389.87574  521.64222            
390.87542  518.46343            
391.8751  514.93618            
392.87478  514.84089            
393.87446  512.17879            
394.87414  511.09418            
395.87382  508.33443            
396.8735  505.9742            
397.87319  505.68295            
398.87287  504.54521            
399.87255  504.50071            
400.87223  503.28904            
401.87191  503.01376            
402.87159  498.95348            
403.87127  495.72422            
404.87096  497.40395            
405.87064  497.16139            
406.87032  495.24534            
407.87  495.292            
408.86968  494.13313            
409.86936  492.7945            
410.86904  492.28641            
411.86873  494.11586            
412.86841  493.42696            
413.86809  493.43254            
414.86777  492.88068            
415.86745  491.43309            
416.86713  493.75605            
417.86681  492.029            
418.86649  492.32595            
419.86618  496.07474            
420.86586  493.52399            
421.86554  495.72664            
422.86522  493.78745            
423.8649  495.7394            
424.86458  495.89319            
425.86426  496.685            
426.86395  496.67232            
427.86363  499.29849            
428.86331  499.25516            
429.86299  499.23363            
430.86267  501.53747            
431.86235  502.01668            
432.86203  505.39998            
433.86172  505.61476            
434.8614  506.9053            
435.86108  506.7101            
436.86076  508.55605            
437.86044  509.94276            
438.86012  511.2428            
439.8598  512.22243            
440.85948  514.36637            
441.85917  516.60818            
442.85885  516.47962            
443.85853  520.34816            
444.85821  523.84744            
445.85789  524.29625            
446.85757  527.87242            
447.85725  529.31034            
448.85694  532.09638            
449.85662  535.12071            
450.8563  535.24541            
451.85598  536.84321            
452.85566  539.80616            
453.85534  543.22053            
454.85502  542.41577            
455.85471  546.88904            
456.85439  550.15507            
457.85407  548.40744            
458.85375  551.56366            
459.85343  552.81237            
460.85311  555.83914            
461.85279  556.7701            
462.85248  561.10921            
463.85216  559.07325            
464.85184  561.50071            
465.85152  562.57742            
466.8512  563.80246            
467.85088  563.87122            
468.85056  567.07776            
469.85024  570.19353            
470.84993  569.76852            
471.84961  569.9709            
472.84929  572.12827            
473.84897  574.13743            
474.84865  576.22389            
475.84833  575.88839            
476.84801  577.19621            
477.8477  578.70673            
478.84738  580.02855            
479.84706  578.10643            
480.84674  580.207            
481.84642  581.76776            
482.8461  580.28208            
483.84578  579.97564            
484.84547  580.73847            
485.84515  580.03629            
486.84483  581.05114            
487.84451  578.51533            
488.84419  580.24592            
489.84387  578.43149            
490.84355  577.47452            
491.84323  576.46846            
492.84292  577.65097            
493.8426  574.31683            
494.84228  574.73686            
495.84196  573.25031            
496.84164  570.13231            
497.84132  569.21156            
498.841  568.81127            
499.84069  566.32048            
500.84037  563.27153            
501.84005  564.33278            
502.83973  560.16334            
503.83941  557.57528            
504.83909  555.6694            
505.83877  554.10301            
506.83846  550.11385            
507.83814  548.84215            
508.83782  542.67311            
509.8375  541.31849            
510.83718  538.01983            
511.83686  532.24889            
512.83654  529.92149            
513.83623  526.14661            
514.83591  520.97694            
515.83559  515.78271            
516.83527  512.82375            
517.83495  507.39869            
518.83463  503.80047            
519.83431  499.29243            
520.83399  493.60771            
521.83368  487.97032            
522.83336  483.0387            
523.83304  478.02346            
524.83272  472.37834            
525.8324  468.28394            
526.83208  461.81436            
527.83176  456.11012            
528.83145  449.48483            
529.83113  442.99728            
530.83081  438.19488            
531.83049  431.83971            
532.83017  423.91662            
533.82985  418.02065            
534.82953  410.59589            
535.82922  404.52343            
536.8289  398.4632            
537.82858  391.51565            
538.82826  387.72552            
539.82794  377.97723            
540.82762  372.06471            
541.8273  365.15884            
542.82698  358.83866            
543.82667  350.61686            
544.82635  344.28786            
545.82603  338.7888            
546.82571  331.24106            
547.82539  323.0681            
548.82507  316.19483            
549.82475  309.45284            
550.82444  301.46757            
551.82412  295.62977            
552.8238  287.88861            
553.82348  280.81224            
554.82316  273.79799            
555.82284  267.08513            
556.82252  259.83503            
557.82221  253.57196            
558.82189  247.60323            
559.82157  241.44142            
560.82125  234.15529            
561.82093  226.93872            
562.82061  220.05467            
563.82029  214.6955            
564.81998  207.81673            
565.81966  201.43937            
566.81934  195.46378            
567.81902  188.56948            
568.8187  183.07258            
569.81838  177.62601            
570.81806  171.14954            
571.81774  165.89528            
572.81743  159.78662            
573.81711  154.65731            
574.81679  149.30114            
575.81647  143.88502            
576.81615  138.98248            
577.81583  133.62082            
578.81551  129.16516            
579.8152  124.45511            
580.81488  119.35415            
581.81456  114.91997            
582.81424  110.66485            
583.81392  106.53372            
584.8136  102.62223            
585.81328  98.322886            
586.81297  94.964033            
587.81265  91.142656            
588.81233  87.687841            
589.81201  83.961154            
590.81169  81.099381            
591.81137  77.807623            
592.81105  74.983956            
593.81073  72.087652            
594.81042  69.215426            
595.8101  66.589574            
596.80978  63.992148            
597.80946  61.829798            
598.80914  59.338679            
599.80882  57.244782            
600.8085  55.2629            
601.80819  53.306027            
602.80787  51.364186            
603.80755  49.522231            
604.80723  47.997092            
605.80691  46.547486            
606.80659  45.089257            
607.80627  43.711439            
608.80596  42.511012            
609.80564  41.325426            
610.80532  40.433957            
611.805  39.444871            
612.80468  38.592871            
613.80436  37.893957            
614.80404  37.157679            
615.80373  36.544928            
616.80341  35.903714            
617.80309  35.501691            
618.80277  35.046999            
619.80245  34.76383            
620.80213  34.366926            
621.80181  34.087457            
622.80149  33.917263            
623.80118  33.826885            
624.80086  33.656034            
625.80054  33.537491            
626.80022  33.451605            
627.7999  33.405609            
628.79958  33.329906            
629.79926  33.42838            
630.79895  33.480798            
631.79863  33.585585            
632.79831  33.743223            
633.79799  33.887043            
634.79767  34.046885            
635.79735  34.133242            
636.79703  34.214293            
637.79672  34.443926            
638.7964  34.478148            
639.79608  34.687009            
640.79576  34.980237            
641.79544  35.110239            
642.79512  35.40064            
643.7948  35.535209            
644.79448  35.785538            
645.79417  35.953966            
646.79385  36.187116            
647.79353  36.273574            
648.79321  36.569112            
649.79289  36.699699            
650.79257  36.974088            
651.79225  37.051486            
652.79194  37.110074            
653.79162  37.231489            
654.7913  37.41267            
655.79098  37.514503            
656.79066  37.574864            
657.79034  37.662812            
658.79002  37.636916            
659.78971  37.854171            
660.78939  37.860248            
661.78907  37.824638            
662.78875  37.928417            
663.78843  37.927335            
664.78811  37.934305            
665.78779  37.863957            
666.78748  37.874609            
667.78716  37.798978            
668.78684  37.66747            
669.78652  37.67297            
670.7862  37.54725            
671.78588  37.538568            
672.78556  37.428019            
673.78524  37.363864            
674.78493  37.180593            
675.78461  37.152098            
676.78429  37.01153            
677.78397  36.905364            
678.78365  36.809429            
679.78333  36.656947            
680.78301  36.529055            
681.7827  36.491795            
682.78238  36.356384            
683.78206  36.217888            
684.78174  35.997546            
685.78142  35.957079            
686.7811  35.801582            
687.78078  35.684387            
688.78047  35.477504            
689.78015  35.478069            
690.77983  35.280444            
691.77951  35.182419            
692.77919  35.073756            
693.77887  34.936242            
694.77855  34.782006            
695.77823  34.614269            
696.77792  34.447404            
697.7776  34.343464            
698.77728  34.230337            
699.77696  34.194337            
700.77664  34.085306            
701.77632  33.985493            
702.776  33.839762            
703.77569  33.799401            
704.77537  33.66521            
705.77505  33.600858            
706.77473  33.441147            
707.77441  33.301323            
708.77409  33.339192            
709.77377  33.287881            
710.77346  33.248932            
711.77314  33.246788            
712.77282  33.169325            
713.7725  33.114712            
714.77218  33.109676            
715.77186  33.154973            
716.77154  33.157839            
717.77122  33.166852            
718.77091  33.184286            
719.77059  33.296037            
720.77027  33.219191            
721.76995  33.298943            
722.76963  33.297212            
723.76931  33.23861            
724.76899  33.315936            
725.76868  33.450396            
726.76836  33.463524            
727.76804  33.451979            
728.76772  33.539058            
729.7674  33.701847            
730.76708  33.767578            
731.76676  33.816784            
732.76645  33.782681            
733.76613  33.837105            
734.76581  33.938927            
735.76549  33.998908            
736.76517  34.073153            
737.76485  34.12002            
738.76453  34.134045            
739.76422  34.170317            
740.7639  34.183309            
741.76358  34.307456            
742.76326  34.335963            
743.76294  34.394479            
744.76262  34.435286            
745.7623  34.52898            
746.76198  34.465607            
747.76167  34.596782            
748.76135  34.600581            
749.76103  34.680297            
750.76071  34.646503            
751.76039  34.738998            
752.76007  34.626207            
753.75975  34.689077            
754.75944  34.793962            
755.75912  34.827319            
756.7588  34.794237            
757.75848  34.806724            
758.75816  34.78415            
759.75784  34.836459            
760.75752  34.853913            
761.75721  34.832481            
762.75689  34.787685            
763.75657  34.754714            
764.75625  34.723192            
765.75593  34.699795            
766.75561  34.759149            
767.75529  34.672178            
768.75497  34.593157            
769.75466  34.595956            
770.75434  34.58647            
771.75402  34.502073            
772.7537  34.46015            
773.75338  34.469657            
774.75306  34.38799            
775.75274  34.279767            
776.75243  34.282415            
777.75211  34.291976            
778.75179  34.219114            
779.75147  34.136589            
780.75115  34.05731            
781.75083  34.03204            
782.75051  33.97734            
783.7502  33.955258            
784.74988  33.899            
785.74956  33.819609            
786.74924  33.780325            
787.74892  33.719224            
788.7486  33.801391            
789.74828  33.603437            
790.74797  33.584912            
791.74765  33.580931            
792.74733  33.487167            
793.74701  33.477247            
794.74669  33.43283            
795.74637  33.314453            
796.74605  33.381903            
797.74573  33.324055            
798.74542  33.210385            
799.7451  33.208242            
800.74478  33.141228            
801.74446  33.101528            
802.74414  33.087226            
803.74382  33.06186            
804.7435  33.052512            
805.74319  33.053376            
806.74287  33.025597            
807.74255  33.0126            
808.74223  33.031802            
809.74191  33.056875            
810.74159  33.020418            
811.74127  33.055278            
812.74096  33.048495            
813.74064  33.074275            
814.74032  33.03712            
815.74  33.029395            
816.73968  33.122369            
817.73936  33.160069            
818.73904  33.184731            
819.73872  33.25658            
820.73841  33.225092            
821.73809  33.229128            
822.73777  33.257852            
823.73745  33.358661            
824.73713  33.430105            
825.73681  33.441214            
826.73649  33.509378            
827.73618  33.500204            
828.73586  33.459196            
829.73554  33.498937            
830.73522  33.507874            
831.7349  33.550705            
832.73458  33.611882            
833.73426  33.612847            
834.73395  33.672291            
835.73363  33.728702            
836.73331  33.672088            
837.73299  33.630406            
838.73267  33.650088            
839.73235  33.707515            
840.73203  33.68949            
841.73172  33.697194            
842.7314  33.676933            
843.73108  33.766716            
844.73076  33.73038            
845.73044  33.699143            
846.73012  33.848755            
847.7298  33.712155            
848.72948  33.704664            
849.72917  33.787749            
850.72885  33.795539            
851.72853  33.676516            
852.72821  33.748718            
853.72789  33.833794            
854.72757  33.813177            
855.72725  33.778071            
856.72694  33.851812            
857.72662  33.767498            
858.7263  33.796272            
859.72598  33.797488            
860.72566  33.827808            
861.72534  33.83019            
862.72502  33.851197            
863.72471  33.78835            
864.72439  33.786365            
865.72407  33.84243            
866.72375  33.767929            
867.72343  33.740216            
868.72311  33.76526            
869.72279  33.734961            
870.72247  33.736073            
871.72216  33.640956            
872.72184  33.613379            
873.72152  33.631905            
