0  32.960779            
1  32.959843            
2  32.920592            
3  32.919181            
4  32.880519            
5  32.881842            
6  32.846854            
7  32.853736            
8  32.824824            
9  32.839271            
10  32.817801            
11  32.840551            
12  32.826576            
13  32.857195            
14  32.849649            
15  32.886501            
16  32.883399            
17  32.92429            
18  32.923195            
19  32.965781            
20  32.964499            
21  33.006868            
22  33.003813            
23  33.044868            
24  33.039515            
25  33.07925            
26  33.072075            
27  33.111436            
28  33.103772            
29  33.14455            
30  33.138192            
31  33.182077            
32  33.178726            
33  33.227143            
34  33.22769            
35  33.281015            
36  33.2851            
37  33.34234            
38  33.348277            
39  33.406883            
40  33.411529            
41  33.4678            
42  33.466981            
43  33.516558            
44  33.505907            
45  33.544482            
46  33.520022            
47  33.5442            
48  33.503285            
49  33.511414            
50  33.453472            
51  33.445939            
52  33.372623            
53  33.352347            
54  33.267573            
55  33.239411            
56  33.148982            
57  33.119305            
58  33.029936            
59  33.005525            
60  32.923975            
61  32.911129            
62  32.842996            
63  32.846383            
64  32.795355            
65  32.817336            
66  32.784415            
67  32.824689            
68  32.808339            
69  32.863997            
70  32.860193            
71  32.926289            
72  32.929493            
73  32.999998            
74  33.004009            
75  33.072778            
76  33.072            
77  33.133977            
78  33.124184            
79  33.176261            
80  33.155479            
81  33.19675            
82  33.165358            
83  33.197277            
84  33.157864            
85  33.18373            
86  33.140267            
87  33.164424            
88  33.121351            
89  33.148055            
90  33.109188            
91  33.141626            
92  33.109305            
93  33.148693            
94  33.12314            
95  33.168468            
96  33.147615            
97  33.19577            
98  33.175606            
99  33.221911            
100  33.197473            
101  33.236885            
102  33.203287            
103  33.231413            
104  33.185278            
105  33.19984            
106  33.140195            
107  33.141849            
108  33.071053            
109  33.063841            
110  32.987677            
111  32.978962            
112  32.906144            
113  32.905759            
114  32.846914            
115  32.865937            
116  32.832142            
117  32.881208            
118  32.882264            
119  32.969911            
120  33.012722            
121  33.143986            
122  33.231334            
123  33.406656            
124  33.53644            
125  33.75128            
126  33.916637            
127  34.161842            
128  34.351619            
129  34.61449            
130  34.814586            
131  35.080148            
132  35.275107            
133  35.527932            
134  35.702612            
135  35.928362            
136  36.069535            
137  36.256394            
138  36.353761            
139  36.493286            
140  36.540188            
141  36.627591            
142  36.621045            
143  36.655108            
144  36.595346            
145  36.577711            
146  36.467482            
147  36.402004            
148  36.245948            
149  36.137955            
150  35.941924            
151  35.797886            
152  35.568802            
153  35.396346            
154  35.142662            
155  34.951286            
156  34.683642            
157  34.485688            
158  34.218292            
159  34.030278            
160  33.782269            
161  33.626282            
162  33.42297            
163  33.327894            
164  33.20169            
165  33.203771            
166  33.194595            
167  33.337382            
168  33.492194            
169  33.82582            
170  34.19754            
171  34.7772            
172  35.422807            
173  36.306741            
174  37.284991            
175  38.53204            
176  39.901189            
177  41.56843            
178  43.383722            
179  45.524151            
180  47.83605            
181  50.497043            
182  53.349451            
183  56.571454            
184  60.001057            
185  63.816806            
186  67.852493            
187  72.286902            
188  76.949749            
189  82.019853            
190  87.322937            
191  93.038002            
192  98.986724            
193  105.34787            
194  111.9391            
195  118.93905            
196  126.16095            
197  133.78306            
198  141.61432            
199  149.83192            
200  158.24021            
201  167.0151            
202  175.95659            
203  185.23932            
204  194.65819            
205  204.38622            
206  214.21504            
207  224.31524            
208  234.47503            
209  244.86429            
210  255.26751            
211  265.85405            
212  276.40743            
213  287.09549            
214  297.70084            
215  308.39332            
216  318.95396            
217  329.55424            
218  339.97698            
219  350.39417            
220  360.5904            
221  370.73999            
222  380.62962            
223  390.43494            
224  399.94527            
225  409.3373            
226  418.40329            
227  427.32109            
228  435.88521            
229  444.27276            
230  452.2809            
231  460.0877            
232  467.49182            
233  474.66998            
234  481.42302            
235  487.92734            
236  493.98584            
237  499.77495            
238  505.09991            
239  510.13665            
240  514.69379            
241  518.94688            
242  522.71089            
243  526.16113            
244  529.11643            
245  531.75402            
246  533.89877            
247  535.73037            
248  537.08037            
249  538.12784            
250  538.71235            
251  539.0143            
252  538.87845            
253  538.4869            
254  537.68988            
255  536.66852            
256  535.27793            
257  533.69853            
258  531.7887            
259  529.72635            
260  527.37183            
261  524.89973            
262  522.17348            
263  519.36124            
264  516.32836            
265  513.2391            
266  509.95821            
267  506.64698            
268  503.17062            
269  499.68557            
270  496.05815            
271  492.442            
272  488.70569            
273  484.99937            
274  481.19434            
275  477.43942            
276  473.60767            
277  469.84747            
278  466.03407            
279  462.31489            
280  458.56861            
281  454.94156            
282  451.31397            
283  447.83053            
284  444.37341            
285  441.08416            
286  437.84523            
287  434.79617            
288  431.81765            
289  429.04554            
290  426.35883            
291  423.89074            
292  421.51532            
293  419.36348            
294  417.30609            
295  415.47107            
296  413.72648            
297  412.19788            
298  410.7519            
299  409.51331            
300  408.34648            
301  407.37808            
302  406.4711            
303  405.75503            
304  405.09307            
305  404.61809            
306  404.19358            
307  403.95684            
308  403.77231            
309  403.78112            
310  403.84653            
311  404.11503            
312  404.44696            
313  404.99235            
314  405.60841            
315  406.4477            
316  407.36079            
317  408.50165            
318  409.71461            
319  411.15359            
320  412.6532            
321  414.36855            
322  416.12411            
323  418.0751            
324  420.03783            
325  422.16729            
326  424.271            
327  426.50868            
328  428.6792            
329  430.94598            
330  433.10483            
331  435.32503            
332  437.39855            
333  439.50483            
334  441.43413            
335  443.37653            
336  445.12189            
337  446.87288            
338  448.41821            
339  449.9738            
340  451.32777            
341  452.70766            
342  453.89993            
343  455.14174            
344  456.21612            
345  457.36846            
346  458.37578            
347  459.48852            
348  460.47543            
349  461.59095            
350  462.59251            
351  463.73592            
352  464.76636            
353  465.94044            
354  466.99073            
355  468.17349            
356  469.20875            
357  470.35399            
358  471.318            
359  472.36086            
360  473.18141            
361  474.04456            
362  474.64281            
363  475.24722            
364  475.5465            
365  475.82092            
366  475.75833            
367  475.64835            
368  475.18022            
369  474.65475            
370  473.76263            
371  472.81692            
372  471.51011            
373  470.16582            
374  468.47751            
375  466.7796            
376  464.76554            
377  462.77583            
378  460.50316            
379  458.2932            
380  455.83431            
381  453.47599            
382  450.9021            
383  448.46181            
384  445.83337            
385  443.36508            
386  440.73011            
387  438.27435            
388  435.66397            
389  433.24408            
390  430.6765            
391  428.3047            
392  425.7868            
393  423.46513            
394  420.99611            
395  418.72351            
396  416.30346            
397  414.07913            
398  411.70968            
399  409.54039            
400  407.23078            
401  405.12984            
402  402.90025            
403  400.89067            
404  398.76872            
405  396.88299            
406  394.90392            
407  393.17975            
408  391.38291            
409  389.86062            
410  388.28554            
411  387.00248            
412  385.68594            
413  384.67504            
414  383.64559            
415  382.93101            
416  382.20847            
417  381.8051            
418  381.39895            
419  381.31131            
420  381.22198            
421  381.44691            
422  381.66715            
423  382.19375            
424  382.71129            
425  383.52514            
426  384.32403            
427  385.40952            
428  386.47458            
429  387.8154            
430  389.13047            
431  390.71218            
432  392.2631            
433  394.0714            
434  395.84514            
435  397.86632            
436  399.84848            
437  402.06805            
438  404.24219            
439  406.64097            
440  408.98596            
441  411.54054            
442  414.03005            
443  416.71166            
444  419.31322            
445  422.08485            
446  424.75845            
447  427.57829            
448  430.2788            
449  433.09793            
450  435.77531            
451  438.54205            
452  441.14237            
453  443.8025            
454  446.27146            
455  448.76959            
456  451.05203            
457  453.33374            
458  455.37447            
459  457.38671            
460  459.13389            
461  460.82366            
462  462.2259            
463  463.54346            
464  464.5505            
465  465.44596            
466  466.00829            
467  466.43355            
468  466.50406            
469  466.41153            
470  465.94296            
471  465.28737            
472  464.2356            
473  462.97449            
474  461.29987            
475  459.39639            
476  457.06465            
477  454.48797            
478  451.47263            
479  448.20176            
480  444.4873            
481  440.51195            
482  436.09364            
483  431.41644            
484  426.30384            
485  420.94024            
486  415.15412            
487  409.13212            
488  402.70729            
489  396.06616            
490  389.04746            
491  381.83877            
492  374.28049            
493  366.56157            
494  358.52633            
495  350.36244            
496  341.91676            
497  333.37735            
498  324.59239            
499  315.75014            
500  306.70006            
501  297.6294            
502  288.38923            
503  279.16682            
504  269.81445            
505  260.51859            
506  251.13266            
507  241.84337            
508  232.50421            
509  223.30212            
510  214.09137            
511  205.05821            
512  196.05682            
513  187.27342            
514  178.5611            
515  170.10526            
516  161.75787            
517  153.70248            
518  145.78921            
519  138.19941            
520  130.78045            
521  123.71086            
522  116.83475            
523  110.32741            
524  104.02921            
525  98.112032            
526  92.41234            
527  87.09845            
528  82.003081            
529  77.291285            
530  72.792444            
531  68.668664            
532  64.746644            
533  61.186212            
534  57.81184            
535  54.781856            
536  51.919415            
537  49.381748            
538  46.99143            
539  44.90526            
540  42.945699            
541  41.269373            
542  39.699091            
543  38.391636            
544  37.170208            
545  36.191756            
546  35.28004            
547  34.591917            
548  33.9517            
549  33.515972            
550  33.109512            
551  32.888371            
552  32.677789            
553  32.633159            
554  32.580183            
555  32.673578            
556  32.739752            
557  32.932816            
558  33.080176            
559  33.335505            
560  33.527733            
561  33.810427            
562  34.01441            
563  34.293528            
564  34.48107            
565  34.731284            
566  34.880329            
567  35.083132            
568  35.178829            
569  35.323161            
570  35.35829            
571  35.440491            
572  35.414926            
573  35.438068            
574  35.357789            
575  35.33021            
576  35.205545            
577  35.139119            
578  34.982935            
579  34.891016            
580  34.716765            
581  34.612337            
582  34.432193            
583  34.326442            
584  34.150352            
585  34.051657            
586  33.886423            
587  33.800034            
588  33.649447            
589  33.577804            
590  33.443145            
591  33.386553            
592  33.267342            
593  33.224875            
594  33.119995            
595  33.090506            
596  32.998926            
597  32.981751            
598  32.90324            
599  32.89858            
600  32.833849            
601  32.842868            
602  32.793348            
603  32.817677            
604  32.785009            
605  32.826113            
606  32.81137            
607  32.869886            
608  32.872944            
609  32.947859            
610  32.966794            
611  33.055229            
612  33.086152            
613  33.183288            
614  33.220495            
615  33.319966            
616  33.356558            
617  33.451262            
618  33.480034            
619  33.562983            
620  33.577466            
