0  33.143206            
0.99944165  33.107671            
1.9988833  33.097547            
2.998325  33.065997            
3.9977666  33.061245            
4.9972083  33.036503            
5.9966499  33.039598            
6.9960916  33.023578            
7.9955332  33.035851            
8.9949749  33.029241            
9.9944165  33.050691            
10.993858  33.052848            
11.9933  33.082205            
12.992741  33.091163            
13.992183  33.125883            
14.991625  33.138676            
15.991066  33.175387            
16.990508  33.188336            
17.98995  33.223295            
18.989391  33.232692            
19.988833  33.262311            
20.988275  33.264794            
21.987716  33.2862            
22.987158  33.279515            
23.9866  33.291026            
24.986041  33.274162            
25.985483  33.275673            
26.984925  33.249322            
27.984366  33.242246            
28.983808  33.208738            
29.98325  33.196182            
30.982691  33.159204            
31.982133  33.145393            
32.981575  33.109602            
33.981016  33.099464            
34.980458  33.069914            
35.979899  33.068346            
36.979341  33.049596            
37.978783  33.060811            
38.978224  33.056474            
39.977666  33.083189            
40.977108  33.095133            
41.976549  33.138209            
42.975991  33.166159            
43.975433  33.224152            
44.974874  33.265548            
45.974316  33.334868            
46.973758  33.385021            
47.973199  33.460012            
48.972641  33.512574            
49.972083  33.586278            
50.971524  33.63395            
51.970966  33.698861            
52.970408  33.734289            
53.969849  33.783425            
54.969291  33.800199            
55.968733  33.828042            
56.968174  33.821741            
57.967616  33.825157            
58.967058  33.794151            
59.966499  33.773028            
60.965941  33.718857            
61.965382  33.676466            
62.964824  33.604158            
63.964266  33.547093            
64.963707  33.464632            
65.963149  33.402184            
66.962591  33.31993            
67.962032  33.263144            
68.961474  33.192633            
69.960916  33.153108            
70.960357  33.105613            
71.959799  33.093975            
72.959241  33.079126            
73.958682  33.103592            
74.958124  33.127863            
75.957566  33.192892            
76.957007  33.258507            
77.956449  33.363929            
78.955891  33.468192            
79.955332  33.608742            
80.954774  33.743894            
81.954216  33.909436            
82.953657  34.063296            
83.953099  34.239837            
84.95254  34.396891            
85.951982  34.567883            
86.951424  34.711098            
87.950865  34.859663            
88.950307  34.972735            
89.949749  35.083688            
90.94919  35.153222            
91.948632  35.215507            
92.948074  35.233207            
93.947515  35.241789            
94.946957  35.206217            
95.946399  35.163434            
96.94584  35.080841            
97.945282  34.996972            
98.944724  34.881423            
99.944165  34.774091            
100.94361  34.646318            
101.94305  34.538808            
102.94249  34.423977            
103.94193  34.342671            
104.94137  34.267388            
105.94082  34.23814            
106.94026  34.226512            
107.9397  34.270759            
108.93914  34.340473            
109.93858  34.471293            
110.93802  34.629839            
111.93747  34.848487            
112.93691  35.090287            
113.93635  35.383964            
114.93579  35.688817            
115.93523  36.030128            
116.93467  36.36367            
117.93412  36.712021            
118.93356  37.028362            
119.933  37.333818            
120.93244  37.580456            
121.93188  37.78989            
122.93132  37.91497            
123.93076  37.980194            
124.93021  37.941622            
125.92965  37.829269            
126.92909  37.605031            
127.92853  37.3071            
128.92797  36.905793            
129.92741  36.450052            
130.92686  35.920809            
131.9263  35.379935            
132.92574  34.820531            
133.92518  34.318697            
134.92462  33.880498            
135.92406  33.596577            
136.92351  33.485646            
137.92295  33.652047            
138.92239  34.125571            
139.92183  35.022066            
140.92127  36.37958            
141.92071  38.322161            
142.92016  40.892027            
143.9196  44.216764            
144.91904  48.337832            
145.91848  53.380918            
146.91792  59.380892            
147.91736  66.455553            
148.91681  74.627104            
149.91625  83.999399            
150.91569  94.575897            
151.91513  106.44073            
152.91457  119.57337            
153.91401  134.03341            
154.91346  149.77182            
155.9129  166.81982            
156.91234  185.09764            
157.91178  204.60591            
158.91122  225.23293            
159.91066  246.94914            
160.91011  269.6119            
161.90955  293.16284            
162.90899  317.43171            
163.90843  342.3356            
164.90787  367.68208            
165.90731  393.36869            
166.90676  419.18665            
167.9062  445.02268            
168.90564  470.65952            
169.90508  495.97976            
170.90452  520.76747            
171.90396  544.90916            
172.90341  568.19802            
173.90285  590.53459            
174.90229  611.72846            
175.90173  631.69997            
176.90117  650.28473            
177.90061  667.42828            
178.90006  682.99625            
179.8995  696.96599            
180.89894  709.23628            
181.89838  719.81709            
182.89782  728.6431            
183.89726  735.7576            
184.89671  741.1299            
185.89615  744.83471            
186.89559  746.8734            
187.89503  747.34873            
188.89447  746.29084            
189.89391  743.82489            
190.89336  740.00295            
191.8928  734.96687            
192.89224  728.78613            
193.89168  721.61248            
194.89112  713.52499            
195.89056  704.67807            
196.89001  695.15531            
197.88945  685.10829            
198.88889  674.61926            
199.88833  663.83125            
200.88777  652.82016            
201.88721  641.71688            
202.88666  630.58714            
203.8861  619.54784            
204.88554  608.65307            
205.88498  598.00187            
206.88442  587.63605            
207.88386  577.63794            
208.88331  568.03756            
209.88275  558.90161            
210.88219  550.24723            
211.88163  542.12672            
212.88107  534.54805            
213.88051  527.54965            
214.87996  521.13195            
215.8794  515.32234            
216.87884  510.11442            
217.87828  505.52627            
218.87772  501.5469            
219.87716  498.18636            
220.87661  495.42965            
221.87605  493.27946            
222.87549  491.71714            
223.87493  490.74011            
224.87437  490.32501            
225.87381  490.46297            
226.87326  491.12764            
227.8727  492.30301            
228.87214  493.95911            
229.87158  496.07362            
230.87102  498.61136            
231.87046  501.54317            
232.86991  504.8292            
233.86935  508.43458            
234.86879  512.3143            
235.86823  516.42796            
236.86767  520.72671            
237.86711  525.16536            
238.86655  529.69233            
239.866  534.25961            
240.86544  538.81385            
241.86488  543.30713            
242.86432  547.68677            
243.86376  551.90654            
244.8632  555.91587            
245.86265  559.67381            
246.86209  563.13388            
247.86153  566.26195            
248.86097  569.01888            
249.86041  571.37939            
250.85985  573.31224            
251.8593  574.80266            
252.85874  575.82998            
253.85818  576.38957            
254.85762  576.47083            
255.85706  576.08137            
256.8565  575.21974            
257.85595  573.90521            
258.85539  572.14477            
259.85483  569.96848            
260.85427  567.39083            
261.85371  564.44987            
262.85315  561.16631            
263.8526  557.58451            
264.85204  553.72906            
265.85148  549.64932            
266.85092  545.37144            
267.85036  540.94719            
268.8498  536.40258            
269.84925  531.79085            
270.84869  527.13604            
271.84813  522.48966            
272.84757  517.87354            
273.84701  513.33663            
274.84645  508.89681            
275.8459  504.6004            
276.84534  500.46139            
277.84478  496.52153            
278.84422  492.79034            
279.84366  489.30634            
280.8431  486.07498            
281.84255  483.12946            
282.84199  480.47194            
283.84143  478.13115            
284.84087  476.10529            
285.84031  474.4193            
286.83975  473.06767            
287.8392  472.06987            
288.83864  471.41857            
289.83808  471.12793            
290.83752  471.18625            
291.83696  471.60342            
292.8364  472.36455            
293.83585  473.47298            
294.83529  474.91081            
295.83473  476.67554            
296.83417  478.74578            
297.83361  481.11219            
298.83305  483.75057            
299.8325  486.64455            
300.83194  489.76718            
301.83138  493.09561            
302.83082  496.60067            
303.83026  500.25373            
304.8297  504.02391            
305.82915  507.87746            
306.82859  511.78341            
307.82803  515.70425            
308.82747  519.61007            
309.82691  523.46063            
310.82635  527.22936            
311.8258  530.87489            
312.82524  534.37488            
313.82468  537.6885            
314.82412  540.79979            
315.82356  543.67004            
316.823  546.2905            
317.82245  548.62588            
318.82189  550.67599            
319.82133  552.40989            
320.82077  553.83669            
321.82021  554.92988            
322.81965  555.70792            
323.8191  556.14959            
324.81854  556.28211            
325.81798  556.08893            
326.81742  555.60586            
327.81686  554.82115            
328.8163  553.77715            
329.81575  552.46575            
330.81519  550.93533            
331.81463  549.18017            
332.81407  547.25347            
333.81351  545.15089            
334.81295  542.92854            
335.8124  540.58229            
336.81184  538.17056            
337.81128  535.68937            
338.81072  533.19683            
339.81016  530.68796            
340.8096  528.2206            
341.80905  525.78754            
342.80849  523.44566            
343.80793  521.18637            
344.80737  519.06378            
345.80681  517.06706            
346.80625  515.24749            
347.8057  513.5926            
348.80514  512.15027            
349.80458  510.90467            
350.80402  509.90003            
351.80346  509.11872            
352.8029  508.60048            
353.80235  508.32475            
354.80179  508.32603            
355.80123  508.58046            
356.80067  509.11767            
357.80011  509.91092            
358.79955  510.98237            
359.79899  512.30219            
360.79844  513.88664            
361.79788  515.70095            
362.79732  517.75481            
363.79676  520.0103            
364.7962  522.4689            
365.79564  525.08961            
366.79509  527.8674            
367.79453  530.75763            
368.79397  533.74906            
369.79341  536.79463            
370.79285  539.87828            
371.79229  542.95122            
372.79174  545.99331            
373.79118  548.95688            
374.79062  551.81903            
375.79006  554.53405            
376.7895  557.07833            
377.78894  559.41007            
378.78839  561.50722            
379.78783  563.33339            
380.78727  564.86977            
381.78671  566.0871            
382.78615  566.97201            
383.78559  567.50317            
384.78504  567.67349            
385.78448  567.47113            
386.78392  566.89607            
387.78336  565.94605            
388.7828  564.62926            
389.78224  562.95306            
390.78169  560.93251            
391.78113  558.58374            
392.78057  555.92961            
393.78001  552.99349            
394.77945  549.80424            
395.77889  546.39209            
396.77834  542.79021            
397.77778  539.03346            
398.77722  535.15881            
399.77666  531.20335            
400.7761  527.20553            
401.77554  523.2036            
402.77499  519.23663            
403.77443  515.34203            
404.77387  511.55843            
405.77331  507.92077            
406.77275  504.46523            
407.77219  501.22337            
408.77164  498.22948            
409.77108  495.51043            
410.77052  493.09671            
411.76996  491.01076            
412.7694  489.27926            
413.76884  487.9189            
414.76829  486.95273            
415.76773  486.39161            
416.76717  486.25382            
417.76661  486.54427            
418.76605  487.27672            
419.76549  488.44862            
420.76494  490.06973            
421.76438  492.12995            
422.76382  494.63263            
423.76326  497.56042            
424.7627  500.91046            
425.76214  504.6563            
426.76159  508.788            
427.76103  513.26934            
428.76047  518.08327            
429.75991  523.18367            
430.75935  528.54441            
431.75879  534.10895            
432.75824  539.84287            
433.75768  545.67911            
434.75712  551.57496            
435.75656  557.45394            
436.756  563.26553            
437.75544  568.92451            
438.75489  574.37419            
439.75433  579.52288            
440.75377  584.30998            
441.75321  588.6403            
442.75265  592.45152            
443.75209  595.64781            
444.75154  598.16965            
445.75098  599.92467            
446.75042  600.8588            
447.74986  600.8865            
448.7493  599.96396            
449.74874  598.01745            
450.74819  595.01596            
451.74763  590.90127            
452.74707  585.66043            
453.74651  579.25268            
454.74595  571.68413            
455.74539  562.93629            
456.74484  553.03646            
457.74428  541.9878            
458.74372  529.84011            
459.74316  516.6191            
460.7426  502.39616            
461.74204  487.21859            
462.74149  471.17675            
463.74093  454.33682            
464.74037  436.80604            
465.73981  418.66665            
466.73925  400.03775            
467.73869  381.01236            
468.73814  361.71746            
469.73758  342.25162            
470.73702  322.74373            
471.73646  303.29335            
472.7359  284.02557            
473.73534  265.03471            
474.73479  246.43728            
475.73423  228.31748            
476.73367  210.77809            
477.73311  193.88906            
478.73255  177.73559            
479.73199  162.3699            
480.73143  147.85698            
481.73088  134.22912            
482.73032  121.52958            
483.72976  109.76989            
484.7292  98.971443            
485.72864  89.125399            
486.72808  80.232489            
487.72753  72.265204            
488.72697  65.205712            
489.72641  59.010569            
490.72585  53.646688            
491.72529  49.058156            
492.72473  45.200493            
493.72418  42.00928            
494.72362  39.432892            
495.72306  37.40258            
496.7225  35.863792            
497.72194  34.747589            
498.72138  34.000408            
499.72083  33.556695            
500.72027  33.367431            
501.71971  33.373484            
502.71915  33.532989            
503.71859  33.795418            
504.71803  34.127977            
505.71748  34.490041            
506.71692  34.858781            
507.71636  35.203932            
508.7158  35.512667            
509.71524  35.764585            
510.71468  35.956133            
511.71413  36.075733            
512.71357  36.12775            
513.71301  36.107666            
514.71245  36.025969            
515.71189  35.883296            
516.71133  35.694199            
517.71078  35.462398            
518.71022  35.204527            
519.70966  34.925377            
520.7091  34.641755            
521.70854  34.357839            
522.70798  34.089139            
523.70743  33.837855            
524.70687  33.6171            
525.70631  33.426334            
526.70575  33.27561            
527.70519  33.161217            
528.70463  33.090108            
529.70408  33.055475            
530.70352  33.061411            
531.70296  33.098574            
532.7024  33.168761            
533.70184  33.260848            
534.70128  33.375181            
535.70073  33.499739            
536.70017  33.634318            
537.69961  33.766914            
538.69905  33.897664            
539.69849  34.015438            
540.69793  34.121378            
541.69738  34.205889            
542.69682  34.271636            
543.69626  34.310909            
544.6957  34.328152            
545.69514  34.317746            
546.69458  34.285795            
547.69403  34.2286            
548.69347  34.153692            
549.69291  34.058951            
550.69235  33.952867            
551.69179  33.834404            
552.69123  33.712429            
553.69068  33.586354            
554.69012  33.464812            
555.68956  33.34719            
556.689  33.241316            
557.68844  33.145976            
558.68788  33.067785            
559.68733  33.004613            
560.68677  32.961547            
561.68621  32.935404            
562.68565  32.929696            
563.68509  32.940145            
564.68453  32.968777            
565.68398  33.010437            
566.68342  33.065919            
567.68286  33.129546            
568.6823  33.201278            
569.68174  33.275269            
570.68118  33.351065            
571.68063  33.423146            
572.68007  33.491103            
573.67951  33.550081            
574.67895  33.600086            
575.67839  33.637285            
576.67783  33.662362            
577.67728  33.672667            
578.67672  33.669706            
579.67616  33.652067            
580.6756  33.622053            
581.67504  33.579415            
582.67448  33.52711            
583.67393  33.465778            
584.67337  33.398779            
585.67281  33.327408            
586.67225  33.255103            
587.67169  33.1834            
588.67113  33.115456            
589.67058  33.052732            
590.67002  32.99785            
591.66946  32.951888            
592.6689  32.916628            
593.66834  32.892585            
594.66778  32.880562            
595.66723  32.880413            
596.66667  32.89196            
