0  31.557775            
1  28.135394            
2  26.770611            
3  27.951397            
4  31.372424            
5  35.226446            
6  37.912634            
7  37.962345            
8  35.605383            
9  31.818201            
10  28.715942            
11  27.672723            
12  29.509459            
13  33.216237            
14  37.291511            
15  39.5854            
16  39.214995            
17  36.121119            
18  31.996263            
19  28.589924            
20  27.759503            
21  29.667555            
22  33.591972            
23  37.353994            
24  39.278664            
25  38.093062            
26  34.481485            
27  29.846508            
28  26.580614            
29  25.974619            
30  28.531153            
31  32.755977            
32  36.822561            
33  38.487859            
34  37.151796            
35  33.190844            
36  28.774069            
37  25.841273            
38  26.153046            
39  29.428023            
40  34.456144            
41  38.657121            
42  40.329473            
43  38.462558            
44  34.262339            
45  29.560927            
46  26.970002            
47  27.578141            
48  31.443566            
49  36.498175            
50  40.573999            
51  41.396582            
52  38.750637            
53  33.551778            
54  28.488607            
55  25.674478            
56  26.687234            
57  30.721628            
58  36.024609            
59  39.657106            
60  39.989974            
61  36.438838            
62  30.85367            
63  25.577308            
64  23.402751            
65  25.137538            
66  30.265118            
67  36.086966            
68  40.084868            
69  40.06165            
70  36.301817            
71  30.388382            
72  25.539463            
73  23.981816            
74  26.929955            
75  32.886687            
76  39.400429            
77  43.152885            
78  42.636556            
79  37.837822            
80  31.350549            
81  26.080627            
82  24.914406            
83  28.231424            
84  34.746751            
85  41.02472            
86  44.188015            
87  42.255475            
88  36.208695            
89  28.502171            
90  22.983486            
91  21.973237            
92  26.187324            
93  33.275316            
94  39.987407            
95  42.658132            
96  40.077419            
97  33.051576            
98  25.153358            
99  19.950415            
100  20.363282            
101  26.120124            
102  34.914724            
103  42.366795            
104  45.219917            
105  41.836015            
106  34.158761            
107  25.723299            
108  21.103005            
109  22.554598            
110  29.993635            
111  39.807905            
112  47.67852            
113  49.49579            
114  44.546772            
115  34.777299            
116  25.110321            
117  19.928924            
118  22.123458            
119  30.416987            
120  41.083969            
121  48.467601            
122  48.931948            
123  41.469754            
124  29.550647            
125  18.32045            
126  13.420516            
127  16.966456            
128  27.677857            
129  40.08814            
130  48.377462            
131  47.907645            
132  38.871315            
133  25.069752            
134  13.533283            
135  9.8636368            
136  16.765241            
137  31.229299            
138  47.106986            
139  56.613737            
140  55.441058            
141  43.65921            
142  27.266755            
143  14.143522            
144  11.639248            
145  21.520582            
146  40.170324            
147  58.661224            
148  68.237469            
149  63.245584            
150  45.512243            
151  22.520574            
152  5.4754566            
153  2.6116849            
154  16.289949            
155  39.992383            
156  62.26002            
157  70.601473            
158  59.014195            
159  30.180136            
160  -3.6608326            
161  -27.235778            
162  -28.158334            
163  -4.7926267            
164  33.068172            
165  66.384422            
166  76.709897            
167  54.523821            
168  7.4181918            
169  -41.076776            
170  -57.329092            
171  -11.502222            
172  110.79369            
173  298.94668            
174  519.19119            
175  722.94508            
176  863.87344            
177  912.58375            
178  868.15242            
179  757.20227            
180  625.47462            
181  520.34606            
182  475.55846            
183  499.26769            
184  574.29303            
185  665.52875            
186  735.72963            
187  758.83053            
188  730.06362            
189  664.89768            
190  592.17498            
191  540.42556            
192  527.46141            
193  553.1455            
194  602.08341            
195  650.35273            
196  677.1848            
197  672.34605            
198  640.43624            
199  596.57771            
200  559.93739            
201  544.10268            
202  552.62957            
203  577.36997            
204  604.02856            
205  618.04262            
206  612.09189            
207  587.86376            
208  555.62587            
209  528.00601            
210  515.12406            
211  519.20922            
212  535.17158            
213  552.47298            
214  561.40025            
215  556.52972            
216  540.05067            
217  519.27877            
218  503.99609            
219  500.64764            
220  510.4974            
221  528.13793            
222  545.34903            
223  553.93124            
224  550.6232            
225  537.29474            
226  520.98581            
227  509.26303            
228  507.79728            
229  516.61578            
230  531.44839            
231  544.69305            
232  550.26497            
233  545.17478            
234  532.01301            
235  516.31942            
236  505.12148            
237  502.38054            
238  508.53335            
239  519.21037            
240  528.77477            
241  531.78929            
242  526.86948            
243  515.9256            
244  504.42418            
245  497.37731            
246  498.27365            
247  506.1562            
248  517.53411            
249  526.80495            
250  530.31315            
251  526.69613            
252  518.78288            
253  510.75566            
254  507.40719            
255  510.43639            
256  519.01101            
257  528.83659            
258  535.62862            
259  535.81393            
260  529.60607            
261  519.51069            
262  510.48431            
263  506.2062            
264  508.728            
265  516.19302            
266  525.13808            
267  530.81185            
268  530.77543            
269  524.6506            
270  515.56785            
271  507.25919            
272  503.60851            
273  505.48813            
274  511.76729            
275  518.60747            
276  522.69976            
277  521.53982            
278  515.91082            
279  508.11951            
280  502.12426            
281  500.2684            
282  503.44518            
283  509.38299            
284  515.07635            
285  516.97591            
286  514.01397            
287  506.8386            
288  498.78072            
289  492.96746            
290  492.09761            
291  495.87966            
292  502.46568            
293  508.08182            
294  510.11521            
295  507.0861            
296  500.60657            
297  493.30981            
298  488.83691            
299  488.82057            
300  493.38656            
301  499.84378            
302  505.27064            
303  506.65043            
304  503.58184            
305  497.1765            
306  490.77665            
307  487.04856            
308  487.98247            
309  492.65773            
310  498.97649            
311  503.39187            
312  503.89442            
313  499.67203            
314  492.78144            
315  485.86152            
316  482.18358            
317  482.81245            
318  487.45275            
319  493.32257            
320  497.83293            
321  498.51137            
322  495.48288            
323  490.04409            
324  485.32433            
325  483.43029            
326  485.76483            
327  491.04799            
328  497.30214            
329  501.50069            
330  502.37505            
331  499.6787            
332  495.61825            
333  492.41632            
334  492.55326            
335  496.217            
336  502.55146            
337  508.73954            
338  512.70433            
339  512.77439            
340  509.81526            
341  505.46088            
342  502.64284            
343  502.84554            
344  506.72558            
345  512.5008            
346  518.15635            
347  521.13986            
348  520.9106            
349  517.90927            
350  514.61755            
351  513.05391            
352  515.04482            
353  520.05108            
354  526.66999            
355  532.04939            
356  534.50481            
357  533.09922            
358  529.31866            
359  525.13949            
360  523.27989            
361  524.68426            
362  529.25249            
363  534.70571            
364  538.84946            
365  539.47344            
366  536.56494            
367  531.19047            
368  526.12716            
369  523.43708            
370  524.61703            
371  528.82077            
372  534.38154            
373  538.55128            
374  539.87148            
375  537.76947            
376  533.80617            
377  529.80555            
378  527.919            
379  528.51959            
380  531.01785            
381  533.16549            
382  533.19303            
383  529.75732            
384  523.64078            
385  516.47189            
386  510.94002            
387  508.55504            
388  509.86113            
389  513.20356            
390  516.44899            
391  517.04917            
392  514.19323            
393  508.25881            
394  501.55194            
395  496.27089            
396  494.36732            
397  495.69448            
398  499.00903            
399  501.67602            
400  501.87974            
401  498.60175            
402  493.04155            
403  487.11013            
404  483.40896            
405  483.02295            
406  485.894            
407  489.90166            
408  492.81411            
409  492.44312            
410  488.65006            
411  482.48036            
412  476.59842            
413  473.02582            
414  473.08254            
415  475.75747            
416  479.13462            
417  480.35424            
418  477.99103            
419  471.80752            
420  463.89149            
421  456.69296            
422  452.84373            
423  452.88737            
424  456.01954            
425  459.4792            
426  460.92961            
427  458.61737            
428  453.29811            
429  446.87142            
430  442.48794            
431  441.93829            
432  445.74865            
433  451.79818            
434  457.34121            
435  459.28457            
436  456.78341            
437  450.67332            
438  444.1889            
439  440.35228            
440  441.53096            
441  447.12356            
442  454.8006            
443  460.4837            
444  461.37886            
445  456.33695            
446  447.61346            
447  438.84321            
448  434.43441            
449  436.36095            
450  444.18597            
451  454.08555            
452  461.68094            
453  463.10497            
454  458.0581            
455  449.08711            
456  441.58481            
457  440.1919            
458  447.49628            
459  461.47156            
460  477.17581            
461  487.85022            
462  489.17428            
463  480.5307            
464  466.74133            
465  455.16711            
466  453.4598            
467  464.80212            
468  486.95557            
469  511.63748            
470  528.80665            
471  530.08306            
472  513.88398            
473  485.85529            
474  458.18405            
475  443.80036            
476  451.73881            
477  481.65076            
478  523.91394            
479  561.65934            
480  578.14206            
481  562.7312            
482  517.03578            
483  454.65181            
484  398.23495            
485  370.86926            
486  388.68489            
487  453.58356            
488  552.62611            
489  660.52116            
490  748.18223            
491  790.52266            
492  774.62993            
493  701.86229            
494  587.26595            
495  453.10448            
496  322.81477            
497  213.76708            
498  134.83374            
499  85.340926            
500  58.845252            
501  46.136047            
502  39.829574            
503  35.307544            
504  31.738762            
505  29.686786            
506  30.335141            
507  33.261469            
508  37.256474            
509  40.065976            
510  40.482205            
511  38.131349            
512  34.507326            
513  31.294653            
514  30.330495            
515  31.807152            
516  35.061743            
517  38.100046            
518  39.487508            
519  38.225407            
520  35.079257            
521  31.31793            
522  28.898981            
523  28.651311            
524  30.72295            
525  33.709278            
526  36.213285            
527  36.723821            
528  35.178302            
529  32.146803            
530  29.338087            
531  27.926422            
532  28.782695            
533  31.259814            
534  34.335529            
535  36.338262            
536  36.560626            
537  34.805912            
538  32.239164            
539  30.015764            
540  29.471674            
541  30.707461            
542  33.313837            
543  35.838556            
544  37.258361            
545  36.738967            
546  34.76735            
547  32.166033            
548  30.400005            
549  30.137431            
550  31.642707            
551  33.956531            
552  36.081288            
553  36.783752            
554  35.884826            
555  33.65487            
556  31.344277            
557  29.892755            
558  30.133562            
559  31.735532            
560  34.030238            
561  35.702729            
562  36.080325            
563  34.82147            
564  32.704216            
565  30.610082            
566  29.708101            
567  30.269053            
568  32.151091            
569  34.272371            
570  35.747798            
571  35.725094            
572  34.388496            
573  32.270981            
574  30.570248            
575  29.979206            
576  30.926688            
577  32.801062            
578  34.826781            
579  35.880997            
580  35.605625            
581  34.016806            
582  32.04821            
583  30.534793            
584  30.356114            
585  31.459842            
586  33.440256            
587  35.196091            
588  36.013178            
589  35.370016            
590  33.726121            
591  31.755102            
592  30.547514            
593  30.545787            
594  31.863539            
595  33.706077            
596  35.290348            
597  35.70248            
598  34.865877            
599  33.051978            
600  31.264361            
601  30.228566            
602  30.556564            
603  31.937143            
604  33.805575            
605  35.11125            
606  35.339706            
607  34.254627            
608  32.514184            
609  30.845015            
610  30.187098            
611  30.739851            
612  32.362856            
613  34.155502            
614  35.385977            
615  35.36072            
616  34.241386            
617  32.482466            
618  31.082592            
619  30.624738            
620  31.462372            
621  33.084987            
622  34.830127            
623  35.749624            
624  35.522284            
625  34.158477            
626  32.435555            
627  31.077531            
628  30.837709            
629  31.703997            
630  33.333797            
631  34.803415            
632  35.475077            
633  34.89684            
634  33.426385            
635  31.655607            
636  30.516814            
637  30.440862            
638  31.533895            
639  33.1498            
640  34.579866            
641  35.030072            
642  34.369041            
643  32.833244            
644  31.262504            
645  30.345192            
646  30.62556            
647  31.905238            
648  33.671426            
649  35.020686            
650  35.416258            
651  34.630326            
652  33.160802            
653  31.68079            
654  31.010235            
655  31.421835            
656  32.800966            
657  34.41615            
658  35.557384            
659  35.602321            
660  34.590957            
661  32.934415            
662  31.480449            
663  30.840005            
664  31.351222            
665  32.663237            
666  34.161188            
667  35.018457            
668  34.844073            
669  33.630153            
670  31.994529            
