0  30.308833            
1.0012438  30.294345            
2.0024876  30.47853            
3.0037313  30.790544            
4.0049751  31.226089            
5.0062189  31.730547            
6.0074627  32.22207            
7.0087065  32.744003            
8.0099502  33.280161            
9.011194  33.891946            
10.012438  34.530707            
11.013682  35.212533            
12.014925  35.829428            
13.016169  36.34819            
14.017413  36.691688            
15.018657  36.869148            
16.0199  36.872226            
17.021144  36.864792            
18.022388  36.725795            
19.023632  36.430565            
20.024876  35.95171            
21.026119  35.347595            
22.027363  34.556079            
23.028607  33.613894            
24.029851  32.628059            
25.031095  31.628033            
26.032338  30.653635            
27.033582  29.732712            
28.034826  28.907316            
29.03607  28.102509            
30.037313  27.467564            
31.038557  26.80637            
32.039801  26.54554            
33.041045  26.573222            
34.042289  26.840998            
35.043532  27.361634            
36.044776  28.234213            
37.04602  29.467277            
38.047264  31.234435            
39.048507  33.03688            
40.049751  35.003443            
41.050995  37.159434            
42.052239  39.60886            
43.053483  42.48013            
44.054726  45.482626            
45.05597  48.475204            
46.057214  51.512607            
47.058458  54.419017            
48.059701  57.443631            
49.060945  60.106538            
50.062189  61.960537            
51.063433  63.171527            
52.064677  64.168345            
53.06592  65.789811            
54.067164  68.938219            
55.068408  72.988659            
56.069652  76.036083            
57.070896  77.368779            
58.072139  81.868196            
59.073383  106.65985            
60.074627  176.84766            
61.075871  314.93549            
62.077114  523.35712            
63.078358  753.46091            
64.079602  900.32453            
65.080846  947.61333            
66.08209  876.2501            
67.083333  665.16654            
68.084577  411.12823            
69.085821  235.74678            
70.087065  214.57176            
71.088308  342.92474            
72.089552  539.03253            
73.090796  684.56887            
74.09204  701.39452            
75.093284  604.27586            
76.094527  457.38107            
77.095771  335.90809            
78.097015  292.54989            
79.098259  343.81345            
80.099502  446.3684            
81.100746  535.16311            
82.10199  555.95119            
83.103234  509.48281            
84.104478  415.86406            
85.105721  335.59488            
86.106965  327.57303            
87.108209  409.26769            
88.109453  520.92412            
89.110697  554.16577            
90.11194  474.71961            
91.113184  365.16284            
92.114428  333.30474            
93.115672  396.50936            
94.116915  482.31453            
95.118159  505.31814            
96.119403  458.22913            
97.120647  390.46771            
98.121891  350.52299            
99.123134  370.61731            
100.12438  437.22389            
101.12562  474.65217            
102.12687  438.17164            
103.12811  370.8497            
104.12935  350.68868            
105.1306  401.21549            
106.13184  455.3583            
107.13308  453.85506            
108.13433  401.7303            
109.13557  356.32692            
110.13682  373.25108            
111.13806  433.18783            
112.1393  460.54171            
113.14055  415.50134            
114.14179  355.44685            
115.14303  367.58929            
116.14428  439.52146            
117.14552  461.70335            
118.14677  409.07188            
119.14801  354.75633            
120.14925  386.84343            
121.1505  450.77677            
122.15174  448.02526            
123.15299  379.48521            
124.15423  356.25793            
125.15547  412.66543            
126.15672  449.73897            
127.15796  405.9917            
128.1592  362.47507            
129.16045  390.16604            
130.16169  435.03659            
131.16294  417.807            
132.16418  376.69532            
133.16542  383.70443            
134.16667  416.82384            
135.16791  415.83928            
136.16915  389.47662            
137.1704  384.11792            
138.17164  403.82828            
139.17289  410.62863            
140.17413  395.36677            
141.17537  386.26347            
142.17662  399.43054            
143.17786  412.4285            
144.1791  402.71318            
145.18035  392.93121            
146.18159  398.31647            
147.18284  415.66471            
148.18408  412.09541            
149.18532  397.41295            
150.18657  404.26907            
151.18781  422.39612            
152.18905  410.75913            
153.1903  398.44676            
154.19154  408.20688            
155.19279  421.63649            
156.19403  413.4849            
157.19527  403.88256            
158.19652  412.28702            
159.19776  421.40271            
160.199  412.33262            
161.20025  406.34405            
162.20149  411.32151            
163.20274  402.54532            
164.20398  386.90143            
165.20522  389.83354            
166.20647  401.39964            
167.20771  398.66475            
168.20896  394.07212            
169.2102  400.88457            
170.21144  398.08851            
171.21269  387.2628            
172.21393  395.52522            
173.21517  409.85978            
174.21642  408.86241            
175.21766  401.23435            
176.21891  408.85352            
177.22015  407.74936            
178.22139  392.13758            
179.22264  397.28891            
180.22388  412.42527            
181.22512  411.88174            
182.22637  396.15819            
183.22761  402.78106            
184.22886  428.7225            
185.2301  414.98657            
186.23134  394.05783            
187.23259  407.77472            
188.23383  425.70672            
189.23507  411.84135            
190.23632  398.73804            
191.23756  424.45766            
192.23881  433.62285            
193.24005  406.02614            
194.24129  398.657            
195.24254  426.50015            
196.24378  430.72995            
197.24502  405.25831            
198.24627  399.8911            
199.24751  420.01283            
200.24876  416.44809            
201.25  389.16456            
202.25124  392.06911            
203.25249  416.48804            
204.25373  415.69608            
205.25498  391.25167            
206.25622  390.96873            
207.25746  411.92338            
208.25871  412.18801            
209.25995  390.59164            
210.26119  387.63867            
211.26244  404.97921            
212.26368  408.33098            
213.26493  388.88739            
214.26617  386.81911            
215.26741  407.08297            
216.26866  415.51147            
217.2699  395.52356            
218.27114  389.93189            
219.27239  414.48536            
220.27363  424.62229            
221.27488  400.49585            
222.27612  391.74436            
223.27736  415.87168            
224.27861  427.91316            
225.27985  406.72883            
226.28109  393.40211            
227.28234  417.14996            
228.28358  437.95921            
229.28483  419.72632            
230.28607  404.74553            
231.28731  422.8226            
232.28856  443.19448            
233.2898  427.42312            
234.29104  403.1416            
235.29229  409.90027            
236.29353  435.27759            
237.29478  430.03278            
238.29602  400.08665            
239.29726  398.50346            
240.29851  426.05347            
241.29975  433.32486            
242.301  402.3833            
243.30224  386.88399            
244.30348  410.01061            
245.30473  428.41562            
246.30597  404.77262            
247.30721  376.86931            
248.30846  386.02269            
249.3097  410.42149            
250.31095  402.20609            
251.31219  374.48133            
252.31343  370.41306            
253.31468  394.64546            
254.31592  404.54595            
255.31716  381.42467            
256.31841  356.79964            
257.31965  367.68927            
258.3209  390.74901            
259.32214  383.95473            
260.32338  354.22618            
261.32463  343.5067            
262.32587  367.80357            
263.32711  384.52807            
264.32836  370.04073            
265.3296  344.11185            
266.33085  346.30538            
267.33209  372.0612            
268.33333  381.60661            
269.33458  358.94941            
270.33582  337.71            
271.33706  348.23072            
272.33831  376.2775            
273.33955  376.08832            
274.3408  349.19515            
275.34204  336.21102            
276.34328  358.46571            
277.34453  383.17098            
278.34577  377.77583            
279.34701  350.11129            
280.34826  341.62624            
281.3495  359.87018            
282.35075  378.28975            
283.35199  373.06379            
284.35323  349.85217            
285.35448  339.42707            
286.35572  357.29348            
287.35697  378.79239            
288.35821  377.52797            
289.35945  354.24692            
290.3607  342.84608            
291.36194  353.3328            
292.36318  375.08231            
293.36443  377.4383            
294.36567  354.7767            
295.36692  333.83066            
296.36816  340.17656            
297.3694  363.7641            
298.37065  376.28528            
299.37189  362.10549            
300.37313  337.84599            
301.37438  334.2685            
302.37562  354.48743            
303.37687  376.14121            
304.37811  373.15853            
305.37935  350.12664            
306.3806  329.77524            
307.38184  338.08558            
308.38308  367.53996            
309.38433  383.71175            
310.38557  368.71174            
311.38682  343.58633            
312.38806  334.74506            
313.3893  358.36301            
314.39055  390.26091            
315.39179  396.29381            
316.39303  373.57716            
317.39428  346.44455            
318.39552  347.40974            
319.39677  374.98195            
320.39801  403.58122            
321.39925  408.11397            
322.4005  383.25387            
323.40174  359.19742            
324.40299  360.96518            
325.40423  390.75585            
326.40547  421.57437            
327.40672  428.54162            
328.40796  403.67066            
329.4092  376.67379            
330.41045  366.31339            
331.41169  388.20526            
332.41294  422.49764            
333.41418  440.73094            
334.41542  427.762            
335.41667  395.55689            
336.41791  371.82356            
337.41915  375.50167            
338.4204  403.64082            
339.42164  438.82749            
340.42289  450.93696            
341.42413  431.68495            
342.42537  394.41071            
343.42662  362.03819            
344.42786  360.43871            
345.4291  394.1998            
346.43035  439.5952            
347.43159  461.36788            
348.43284  445.59049            
349.43408  405.93787            
350.43532  361.26835            
351.43657  342.84017            
352.43781  362.11628            
353.43905  410.87715            
354.4403  460.03331            
355.44154  478.30767            
356.44279  454.23165            
357.44403  404.43448            
358.44527  352.5377            
359.44652  322.32196            
360.44776  330.57532            
361.449  371.01133            
362.45025  424.51747            
363.45149  465.81256            
364.45274  478.80125            
365.45398  455.14217            
366.45522  408.88252            
367.45647  352.87782            
368.45771  306.22046            
369.45896  280.12467            
370.4602  286.13084            
371.46144  319.92474            
372.46269  373.8517            
373.46393  436.34356            
374.46517  495.9414            
375.46642  539.16792            
376.46766  557.001            
377.46891  543.30681            
378.47015  501.08362            
379.47139  435.05222            
380.47264  353.33394            
381.47388  269.14285            
382.47512  192.09345            
383.47637  128.32196            
384.47761  82.78406            
385.47886  54.336279            
386.4801  39.587023            
387.48134  33.298639            
388.48259  31.493088            
389.48383  31.119202            
390.48507  30.813049            
391.48632  30.591605            
392.48756  30.654085            
393.48881  30.800026            
394.49005  31.06474            
395.49129  31.36229            
396.49254  31.453045            
397.49378  31.566985            
398.49502  31.876796            
399.49627  32.290509            
400.49751  32.869805            
401.49876  33.405647            
402.5  33.687518            
403.50124  34.080077            
404.50249  34.23185            
405.50373  34.37971            
406.50498  34.564137            
407.50622  34.697932            
408.50746  34.67345            
409.50871  34.6272            
410.50995  34.579864            
411.51119  34.449446            
412.51244  34.272385            
413.51368  34.151417            
414.51493  33.844395            
415.51617  33.509123            
416.51741  33.224593            
417.51866  32.980328            
418.5199  32.848148            
419.52114  32.602589            
420.52239  32.362095            
421.52363  32.225213            
422.52488  32.088108            
423.52612  31.974398            
424.52736  31.964603            
425.52861  32.001304            
426.52985  32.088965            
427.53109  32.210845            
428.53234  32.351461            
429.53358  32.412104            
430.53483  32.572474            
431.53607  32.759629            
432.53731  32.87839            
433.53856  33.012183            
434.5398  33.295786            
435.54104  33.563788            
436.54229  33.612315            
437.54353  33.658103            
438.54478  33.694103            
439.54602  33.745049            
440.54726  33.745585            
441.54851  33.770608            
442.54975  33.739484            
443.551  33.763481            
444.55224  33.603937            
445.55348  33.488411            
446.55473  33.403176            
447.55597  33.305057            
448.55721  33.146552            
449.55846  32.942563            
450.5597  32.799583            
451.56095  32.688618            
452.56219  32.575206            
453.56343  32.488236            
454.56468  32.40127            
455.56592  32.317094            
456.56716  32.334631            
457.56841  32.300299            
458.56965  32.34857            
459.5709  32.411367            
460.57214  32.539846            
461.57338  32.681623            
462.57463  32.763126            
463.57587  32.801246            
464.57711  32.9053            
465.57836  32.951134            
466.5796  33.070191            
467.58085  33.252772            
468.58209  33.351041            
469.58333  33.407806            
470.58458  33.410995            
471.58582  33.435005            
472.58706  33.417347            
473.58831  33.387291            
474.58955  33.338553            
475.5908  33.331009            
476.59204  33.280437            
477.59328  33.255089            
478.59453  33.153421            
479.59577  33.03947            
480.59701  32.918628            
481.59826  32.843739            
482.5995  32.73034            
483.60075  32.655354            
484.60199  32.614921            
485.60323  32.640812            
486.60448  32.591929            
487.60572  32.510928            
488.60697  32.473955            
489.60821  32.459306            
490.60945  32.515559            
491.6107  32.584825            
492.61194  32.691911            
493.61318  32.790841            
494.61443  32.849412            
495.61567  32.915693            
496.61692  32.966229            
497.61816  33.013023            
498.6194  33.076036            
499.62065  33.116193            
500.62189  33.220333            
501.62313  33.308368            
502.62438  33.350263            
503.62562  33.323006            
504.62687  33.279091            
505.62811  33.258465            
506.62935  33.202441            
507.6306  33.16746            
508.63184  33.202328            
509.63308  33.157475            
510.63433  33.102756            
511.63557  33.021937            
512.63682  32.896973            
513.63806  32.779914            
514.6393  32.70075            
515.64055  32.69707            
516.64179  32.718752            
517.64303  32.69049            
518.64428  32.646344            
519.64552  32.616858            
520.64677  32.661737            
521.64801  32.604706            
522.64925  32.613324            
523.6505  32.681617            
524.65174  32.700007            
525.65299  32.840363            
526.65423  32.924403            
527.65547  32.969208            
528.65672  32.993823            
529.65796  33.017801            
530.6592  33.049782            
531.66045  33.075089            
532.66169  33.162303            
533.66294  33.250901            
534.66418  33.248764            
535.66542  33.210792            
536.66667  33.196354            
