Value [m]	err Value	Wert [V]	err Wert	t_1 [s] 10^12	t_2	t_3	err t	math
1234	54	0,3	0,06	12	19	18,5485	0,1	1
268	54	7	1,4	23456	23463	23462,5485	0,1	2
-698	54	0,15	0,03	567	574	573,5485	0,1	3
-1664	54	2,33333333	0,46666667	56768	56775	56774,5485	0,1	4
-2630	54	2,25833333	0,45166667	879	886	885,5485	0,1	5
-3596	0,012123	2,18333333	0,43666667	67	74	73,5485	0,1	6
-4562	54	2,10833333	0,42166667	84	91	90,5485	0,1	7
-5528	54	2,03333333	0,40666667	5083,285714	5090,285714	5089,834214	0,1	8
-6494	54	1,95833333	0,39166667	3431,5	3438,5	3438,0485	0,1	9
