0  17.702423            
1.0042993  18.76419            
2.0085985  18.504894            
3.0128978  17.368531            
4.0171971  16.39207            
5.0214963  16.676264            
6.0257956  16.701013            
7.0300949  15.948046            
8.0343941  15.996259            
9.0386934  15.434843            
10.042993  15.872322            
11.047292  18.455921            
12.051591  22.083553            
13.05589  26.01884            
14.06019  31.647307            
15.064489  39.498937            
16.068788  46.919117            
17.073088  55.562334            
18.077387  67.381965            
19.081686  78.305754            
20.085985  89.832205            
21.090285  101.13175            
22.094584  112.34051            
23.098883  123.94053            
24.103182  133.27324            
25.107482  144.15342            
26.111781  150.51737            
27.11608  154.02202            
28.12038  157.8031            
29.124679  156.78763            
30.128978  152.28726            
31.133277  148.32632            
32.137577  141.76936            
33.141876  130.44069            
34.146175  119.60998            
35.150474  109.10579            
36.154774  95.620473            
37.159073  82.604581            
38.163372  72.796851            
39.167671  63.341227            
40.171971  54.859165            
41.17627  48.134511            
42.180569  44.337653            
43.184869  46.426839            
44.189168  49.760088            
45.193467  56.024576            
46.197766  65.371666            
47.202066  78.865187            
48.206365  95.498588            
49.210664  113.26843            
50.214963  132.43037            
51.219263  154.36528            
52.223562  173.65143            
53.227861  195.92484            
54.23216  213.15691            
55.23646  227.53791            
56.240759  245.16359            
57.245058  253.63687            
58.249358  254.25548            
59.253657  253.9927            
60.257956  254            
61.262255  254.13799            
62.266555  252.45199            
63.270854  245.81473            
64.275153  234.81385            
65.279452  218.05514            
66.283752  198.52162            
67.288051  181.3008            
68.29235  160.14615            
69.296649  141.36199            
70.300949  125.518            
71.305248  106.99107            
72.309547  90.763484            
73.313847  78.7318            
74.318146  68.27522            
75.322445  62.696029            
76.326744  57.93162            
77.331044  55.215414            
78.335343  55.463122            
79.339642  60.733909            
80.343941  64.972242            
81.348241  74.068905            
82.35254  81.67672            
83.356839  89.561106            
84.361139  98.626233            
85.365438  106.90183            
86.369737  115.92499            
87.374036  125.17872            
88.378336  128.30028            
89.382635  133.34954            
90.386934  136.08147            
91.391233  135.60784            
92.395533  134.30501            
93.399832  133.00992            
94.404131  129.71806            
95.40843  124.63753            
96.41273  116.87229            
97.417029  110.79193            
98.421328  102.06728            
99.425628  93.862013            
100.42993  86.201334            
101.43423  76.408503            
102.43853  71.335429            
103.44282  61.660931            
104.44712  54.820547            
105.45142  50.073663            
106.45572  44.936315            
107.46002  40.394733            
108.46432  36.42607            
109.46862  32.309051            
110.47292  30.16238            
111.47722  27.210493            
112.48152  25.116672            
113.48582  23.164437            
114.49012  22.153895            
115.49442  20.183033            
116.49872  19.834227            
117.50301  18.811057            
118.50731  17.97418            
119.51161  17.744132            
120.51591  16.022382            
121.52021  14.185461            
122.52451  13.895171            
123.52881  12.838431            
124.53311  13.32982            
125.53741  11.907246            
126.54171  11.534851            
127.54601  11.009114            
128.55031  10.007294            
129.55461  10.001175            
130.5589  8.8813015            
131.5632  8.9997355            
132.5675  8.6764972            
133.5718  7.9366337            
134.5761  7.9615244            
135.5804  8.2723169            
136.5847  8.0018829            
137.589  7.9797887            
138.5933  6.9856914            
139.5976  6.8735066            
140.6019  6.9969999            
141.6062  5.9826916            
142.6105  5.9633005            
143.6148  4.9959661            
144.61909  4.9551829            
145.62339  3.9847509            
