0  7.0203766            
0.99948954  7.0169111            
1.9989791  6.9832938            
2.9984686  7.019733            
3.9979582  7.0389396            
4.9974477  6.974243            
5.9969372  6.9778391            
6.9964268  6.9725304            
7.9959163  6.9927274            
8.9954058  6.9993899            
9.9948954  7.0105813            
10.994385  6.5820758            
11.993874  6.4699455            
12.993364  7.051509            
13.992854  6.9966267            
14.992343  7.0282408            
15.991833  7.0364502            
16.991322  7.0252269            
17.990812  7.0376345            
18.990301  7.065243            
19.989791  6.7555209            
20.98928  6.3872364            
21.98877  6.4593119            
22.988259  6.3482382            
23.987749  6.6774174            
24.987238  7.1064137            
25.986728  7.0296389            
26.986218  7.0499584            
27.985707  7.1089916            
28.985197  7.0309637            
29.984686  6.9929424            
30.984176  7.0187255            
31.983665  6.8161303            
32.983155  6.6750996            
33.982644  7.2543506            
34.982134  7.7540398            
35.981623  7.6949928            
36.981113  7.703292            
37.980602  7.8136496            
38.980092  7.369118            
39.979582  7.2851779            
40.979071  7.9479512            
41.978561  7.7493265            
42.97805  7.7694667            
43.97754  8.3265279            
44.977029  8.5671548            
45.976519  7.8083846            
46.976008  7.9368633            
47.975498  7.9965902            
48.974987  7.9363765            
49.974477  8.4131363            
50.973966  8.6661147            
51.973456  7.9481424            
52.972946  8.0877377            
53.972435  7.6032983            
54.971925  7.3436606            
55.971414  8.1263213            
56.970904  7.6425035            
57.970393  7.0086776            
58.969883  7.1188909            
59.969372  7.160971            
60.968862  7.0824451            
61.968351  7.0440987            
62.967841  7.2121811            
63.96733  6.6625407            
64.96682  6.4624824            
65.96631  7.1070778            
66.965799  6.854906            
67.965289  6.757117            
68.964778  7.0639186            
69.964268  6.6910431            
70.963757  6.5391255            
71.963247  7.0816012            
72.962736  6.9963704            
73.962226  6.9769599            
74.961715  7.1884681            
75.961205  7.3297399            
76.960694  6.9468837            
77.960184  6.8727285            
78.959674  7.3507769            
79.959163  8.1080905            
80.958653  8.0167348            
81.958142  7.7673655            
82.957632  7.9021216            
83.957121  8.6893132            
84.956611  8.6415839            
85.9561  8.6639528            
86.95559  8.5988462            
87.955079  9.0526427            
88.954569  9.7399822            
89.954058  9.1279608            
90.953548  8.5992627            
91.953038  8.7246502            
92.952527  9.2370206            
93.952017  9.906838            
94.951506  9.4573633            
95.950996  8.6777133            
96.950485  9.0898377            
97.949975  9.858039            
98.949464  9.9312187            
99.948954  9.5641642            
100.94844  8.9190328            
101.94793  8.9557357            
102.94742  9.0367212            
103.94691  8.6059513            
104.9464  8.3593175            
105.94589  8.7292949            
106.94538  8.0160758            
107.94487  7.6691751            
108.94436  7.0184386            
109.94385  7.1115726            
110.94334  7.0746098            
111.94283  7.0465665            
112.94232  7.1154061            
113.94181  7.0333629            
114.9413  6.6675566            
115.94079  6.3386962            
116.94028  7.4342905            
117.93977  8.1102299            
118.93926  7.485429            
119.93874  6.8495886            
120.93823  7.285884            
121.93772  8.1774235            
122.93721  8.3447216            
123.9367  8.5673058            
124.93619  9.1462985            
125.93568  9.6023368            
126.93517  10.334928            
127.93466  10.925952            
128.93415  11.091111            
129.93364  11.491714            
130.93313  11.600811            
131.93262  12.15085            
132.93211  12.743706            
133.9316  13.254641            
134.93109  13.77249            
135.93058  13.732239            
136.93007  14.04177            
137.92956  14.360611            
138.92905  13.992248            
139.92854  14.209537            
140.92802  14.061604            
141.92751  14.262068            
142.927  13.925261            
143.92649  13.286243            
144.92598  13.343051            
145.92547  13.139714            
146.92496  12.297845            
147.92445  11.680146            
148.92394  11.711049            
149.92343  11.412251            
150.92292  10.764828            
151.92241  10.602506            
152.9219  9.5451044            
153.92139  8.9258822            
154.92088  8.669013            
155.92037  7.935707            
156.91986  8.0577639            
157.91935  7.702779            
158.91884  6.9633366            
159.91833  6.9802878            
160.91782  6.9739323            
161.91731  7.4517121            
162.91679  7.7186799            
163.91628  7.2278439            
164.91577  8.0990191            
165.91526  8.4881383            
166.91475  9.5476625            
167.91424  10.096264            
168.91373  10.462294            
169.91322  11.416663            
170.91271  12.656165            
171.9122  13.465351            
172.91169  14.270998            
173.91118  15.295341            
174.91067  16.522461            
175.91016  17.754336            
176.90965  18.170346            
177.90914  18.99517            
178.90863  20.447012            
179.90812  21.455022            
180.90761  22.530985            
181.9071  23.606604            
182.90659  24.141238            
183.90608  25.160103            
184.90556  25.240847            
185.90505  23.835314            
186.90454  25.209563            
187.90403  25.245501            
188.90352  25.067863            
189.90301  25.017328            
190.9025  24.834747            
191.90199  23.795876            
192.90148  23.200034            
193.90097  22.180437            
194.90046  21.058795            
195.89995  19.680684            
196.89944  17.893562            
197.89893  17.896737            
198.89842  16.540255            
199.89791  15.15839            
200.8974  13.969842            
201.89689  12.402075            
202.89638  11.553183            
203.89587  10.56054            
204.89536  9.9140532            
205.89484  9.9886308            
206.89433  9.7014203            
207.89382  8.8951011            
208.89331  9.2752156            
209.8928  10.018159            
210.89229  10.240392            
211.89178  11.345046            
212.89127  12.321696            
213.89076  13.350184            
214.89025  14.670769            
215.88974  16.955842            
216.88923  18.70298            
217.88872  20.003109            
218.88821  22.489521            
219.8877  25.633465            
220.88719  28.285705            
221.88668  31.453387            
222.88617  34.021137            
223.88566  36.496538            
224.88515  40.107875            
225.88464  43.050222            
226.88413  45.053552            
227.88361  47.187227            
228.8831  49.321143            
229.88259  51.465553            
230.88208  52.435602            
231.88157  54.047133            
232.88106  54.493556            
233.88055  56.121969            
234.88004  57.027959            
235.87953  55.041486            
236.87902  54.37662            
237.87851  52.311946            
238.878  51.322515            
239.87749  48.552988            
240.87698  45.857772            
241.87647  43.1324            
242.87596  39.216734            
243.87545  35.765835            
244.87494  32.701985            
245.87443  30.236468            
246.87392  26.749231            
247.87341  23.213896            
248.8729  19.874359            
249.87238  17.140542            
250.87187  15.18318            
251.87136  14.062795            
252.87085  12.154954            
253.87034  11.106028            
254.86983  11.997681            
255.86932  11.919746            
256.86881  12.694975            
257.8683  15.770739            
258.86779  19.222784            
259.86728  23.717575            
260.86677  27.326993            
261.86626  33.439083            
262.86575  40.032038            
263.86524  47.699764            
264.86473  54.511652            
265.86422  64.504872            
266.86371  75.166148            
267.8632  84.178701            
268.86269  94.263411            
269.86218  103.51589            
270.86166  115.34185            
271.86115  123.79106            
272.86064  133.45848            
273.86013  146.32819            
274.85962  155.90097            
275.85911  162.69451            
276.8586  174.52602            
277.85809  179.17106            
278.85758  182.90758            
279.85707  188.19277            
280.85656  189.67833            
281.85605  190.33621            
282.85554  191.30784            
283.85503  190.65242            
284.85452  187.8221            
285.85401  178.92014            
286.8535  174.8539            
287.85299  166.67739            
288.85248  153.33336            
289.85197  142.31623            
290.85146  129.57299            
291.85095  117.54194            
292.85043  101.82039            
293.84992  87.429327            
294.84941  74.149812            
295.8489  61.564005            
296.84839  48.485166            
297.84788  36.031964            
298.84737  27.731736            
299.84686  21.496099            
300.84635  18.005877            
301.84584  17.26702            
302.84533  19.589059            
303.84482  27.492779            
304.84431  41.0801            
305.8438  59.688738            
306.84329  83.431097            
307.84278  111.07063            
308.84227  148.09213            
309.84176  184.95254            
310.84125  230.50922            
311.84074  255.75541            
312.84023  254.00681            
313.83972  254            
314.8392  254            
315.83869  254            
316.83818  254            
317.83767  254            
318.83716  254            
319.83665  254            
320.83614  254            
321.83563  254            
322.83512  254            
323.83461  254            
324.8341  254            
325.83359  254            
326.83308  254            
327.83257  254            
328.83206  254            
329.83155  254            
330.83104  254            
331.83053  254            
332.83002  254            
333.82951  254            
334.829  254            
335.82848  254            
336.82797  254            
337.82746  254            
338.82695  254            
339.82644  254            
340.82593  254            
341.82542  254            
342.82491  254            
343.8244  254            
344.82389  254            
345.82338  254            
346.82287  254            
347.82236  254            
348.82185  254            
349.82134  254            
350.82083  254            
351.82032  254            
352.81981  254            
353.8193  254            
354.81879  254            
355.81828  254            
356.81777  254            
357.81725  254            
358.81674  254            
359.81623  254            
360.81572  254            
361.81521  254            
362.8147  254            
363.81419  254            
364.81368  254            
365.81317  254            
366.81266  254            
367.81215  254            
368.81164  254            
369.81113  254            
370.81062  254            
371.81011  254            
372.8096  254            
373.80909  254            
374.80858  254            
375.80807  254            
376.80756  254            
377.80705  254            
378.80654  254            
379.80602  254            
380.80551  254            
381.805  254            
382.80449  254            
383.80398  254            
384.80347  253.94995            
385.80296  254.38983            
386.80245  256.63843            
387.80194  246.51549            
388.80143  200.44145            
389.80092  159.60153            
390.80041  124.06515            
391.7999  95.098843            
392.79939  68.354151            
393.79888  48.488269            
394.79837  34.740001            
395.79786  26.047295            
396.79735  21.016929            
397.79684  18.758227            
398.79633  20.213129            
399.79582  22.777603            
400.7953  28.656581            
401.79479  38.023835            
402.79428  49.230987            
403.79377  60.51534            
404.79326  72.067746            
405.79275  81.095633            
406.79224  94.43835            
407.79173  109.97673            
408.79122  123.82354            
409.79071  134.75795            
410.7902  143.87424            
411.78969  152.73285            
412.78918  163.30817            
413.78867  174.67081            
414.78816  177.91604            
415.78765  178.34144            
416.78714  178.42901            
417.78663  180.37025            
418.78612  182.3692            
419.78561  183.41754            
420.7851  177.49277            
421.78459  168.16221            
422.78407  159.40878            
423.78356  156.85771            
424.78305  151.84863            
425.78254  144.42473            
426.78203  130.13315            
427.78152  116.86734            
428.78101  109.13013            
429.7805  101.68004            
430.77999  92.497183            
431.77948  81.917163            
432.77897  70.658463            
433.77846  60.16451            
434.77795  52.50701            
435.77744  45.292814            
436.77693  38.032949            
437.77642  32.46321            
438.77591  24.714141            
439.7754  19.351077            
440.77489  16.521781            
441.77438  13.486054            
442.77387  10.980525            
443.77336  8.9994641            
444.77284  8.2328715            
445.77233  8.3024772            
446.77182  8.3443609            
447.77131  9.3765405            
448.7708  10.070666            
449.77029  13.578217            
450.76978  14.877313            
451.76927  18.095133            
452.76876  21.340915            
453.76825  24.29188            
454.76774  25.976665            
455.76723  28.26029            
456.76672  32.123137            
457.76621  38.036978            
458.7657  40.763155            
459.76519  42.729551            
460.76468  44.441191            
461.76417  45.087367            
462.76366  47.420287            
463.76315  50.141488            
464.76264  52.932522            
465.76212  52.767257            
466.76161  52.300619            
467.7611  49.265463            
468.76059  48.389598            
469.76008  49.059103            
470.75957  47.982201            
471.75906  47.861625            
472.75855  46.19745            
473.75804  41.446439            
474.75753  40.221099            
475.75702  36.446504            
476.75651  35.042264            
477.756  31.96355            
478.75549  29.352394            
479.75498  27.200868            
480.75447  24.038276            
481.75396  20.49385            
482.75345  18.641146            
483.75294  15.946578            
484.75243  15.690427            
485.75192  13.556422            
486.75141  11.485326            
487.75089  10.473253            
488.75038  9.1675816            
489.74987  8.2860335            
490.74936  8.2738831            
491.74885  7.5512004            
492.74834  7.2731139            
493.74783  7.9374276            
494.74732  8.3749191            
495.74681  8.3915193            
496.7463  9.981971            
497.74579  10.916655            
498.74528  11.527461            
499.74477  13.028738            
500.74426  13.954902            
501.74375  15.149429            
502.74324  15.515403            
503.74273  17.884972            
504.74222  18.574343            
505.74171  20.554031            
506.7412  21.739543            
507.74069  22.056464            
508.74018  22.435219            
509.73966  21.142869            
510.73915  22.398899            
511.73864  23.522197            
512.73813  24.097764            
513.73762  24.144259            
514.73711  25.810129            
515.7366  24.065707            
516.73609  23.507663            
517.73558  23.423655            
518.73507  22.277146            
519.73456  21.280145            
520.73405  20.12021            
521.73354  19.146321            
522.73303  18.995295            
523.73252  17.814558            
524.73201  15.889361            
525.7315  15.790093            
526.73099  13.792036            
527.73048  12.815581            
528.72997  11.835823            
529.72946  10.875143            
530.72895  11.004409            
531.72843  9.9097546            
532.72792  8.9370079            
533.72741  9.0387646            
534.7269  9.2075614            
535.72639  8.2194431            
536.72588  8.2175895            
537.72537  8.237779            
538.72486  8.2858403            
539.72435  8.3182776            
540.72384  9.3529577            
541.72333  9.3507025            
542.72282  9.3869359            
543.72231  9.8684995            
544.7218  10.45994            
545.72129  10.33871            
546.72078  11.511307            
547.72027  12.628381            
548.71976  13.011155            
549.71925  13.500311            
550.71874  15.053416            
551.71823  15.487499            
552.71771  15.514911            
553.7172  15.938716            
554.71669  17.000199            
555.71618  17.244211            
556.71567  17.200333            
557.71516  17.863052            
558.71465  18.861245            
559.71414  17.953764            
560.71363  18.956663            
561.71312  18.17984            
562.71261  18.160331            
563.7121  19.003692            
564.71159  17.112696            
565.71108  18.544491            
566.71057  16.347753            
567.71006  15.719648            
568.70955  16.373967            
569.70904  15.280474            
570.70853  14.222701            
571.70802  14.165456            
572.70751  13.128666            
573.707  13.03033            
574.70648  11.987906            
575.70597  10.989312            
576.70546  10.983433            
577.70495  10.947744            
578.70444  10.008269            
579.70393  10.092283            
580.70342  9.0204658            
581.70291  9.1565733            
582.7024  9.1995213            
583.70189  9.2206253            
584.70138  8.3324949            
585.70087  9.4362256            
586.70036  9.2422983            
587.69985  9.3343598            
588.69934  10.059916            
589.69883  10.118698            
590.69832  10.391894            
591.69781  10.353594            
592.6973  10.375169            
593.69679  10.381833            
594.69628  10.363847            
595.69577  11.002587            
596.69525  10.933858            
597.69474  10.935355            
598.69423  11.507666            
599.69372  12.138008            
600.69321  11.577398            
601.6927  12.564656            
602.69219  11.907454            
603.69168  12.470194            
604.69117  12.333378            
605.69066  12.757765            
606.69015  12.816017            
607.68964  12.152049            
608.68913  12.157384            
609.68862  12.092589            
610.68811  12.720083            
611.6876  11.977449            
612.68709  11.643529            
613.68658  11.599095            
614.68607  10.506567            
615.68556  10.469806            
616.68505  10.432137            
617.68453  10.423525            
618.68402  9.5023033            
619.68351  10.199299            
620.683  9.2648608            
621.68249  10.046149            
622.68198  9.1029379            
623.68147  9.0344271            
624.68096  9.01914            
625.68045  9.0211257            
626.67994  9.0137127            
627.67943  8.0066774            
628.67892  9.0155314            
629.67841  8.0369538            
630.6779  9.0172566            
631.67739  9.0221116            
632.67688  9.118005            
633.67637  9.1440929            
634.67586  9.1691189            
635.67535  9.1764773            
636.67484  10.060993            
637.67433  10.031849            
638.67382  10.032422            
639.6733  10.035492            
640.67279  9.9763122            
641.67228  11.817831            
642.67177  10.733904            
643.67126  11.731375            
644.67075  11.324934            
645.67024  11.322077            
646.66973  11.629807            
647.66922  11.249797            
648.66871  12.310129            
649.6682  12.427787            
650.66769  12.192546            
651.66718  12.762761            
652.66667  12.595084            
653.66616  12.592946            
654.66565  12.601257            
655.66514  12.018205            
656.66463  11.967954            
657.66412  11.788331            
658.66361  11.699265            
659.6631  11.355762            
660.66259  11.178027            
661.66207  11.117677            
662.66156  10.675328            
663.66105  10.623651            
664.66054  10.700677            
665.66003  9.5701055            
666.65952  10.338695            
667.65901  9.5281982            
668.6585  10.32633            
669.65799  9.493091            
670.65748  9.1877575            
671.65697  9.1943433            
672.65646  9.0195248            
673.65595  9.0442543            
674.65544  8.1269603            
675.65493  8.0991729            
676.65442  8.0842804            
677.65391  8.0459688            
678.6534  8.0286699            
679.65289  8.0125624            
680.65238  8.0006862            
681.65187  7.9969121            
682.65135  7.964769            
683.65084  7.9464669            
684.65033  7.9428051            
685.64982  7.9263175            
686.64931  6.9902284            
687.6488  7.8463018            
688.64829  6.9997698            
689.64778  7.1617142            
690.64727  7.8435851            
691.64676  7.8214424            
692.64625  7.0171312            
693.64574  8.004813            
694.64523  6.9995293            
695.64472  6.9878216            
696.64421  7.0005283            
697.6437  7            
698.64319  7            
699.64268  6.9881133            
700.64217  7.6660149            
701.64166  7.0385219            
702.64115  6.9938825            
703.64064  7            
704.64012  7            
705.63961  7            
706.6391  7            
