0  40.670692            
0.999841  40.668629            
1.999682  40.657318            
2.999523  40.641117            
3.999364  40.624171            
4.999205  40.610309            
5.999046  40.602956            
6.998887  40.60506            
7.998728  40.619041            
8.998569  40.646748            
9.99841  40.689448            
10.998251  40.747818            
11.998092  40.821973            
12.997933  40.911491            
13.997774  41.015468            
14.997615  41.13258            
15.997456  41.26115            
16.997297  41.399233            
17.997138  41.544694            
18.996979  41.695296            
19.99682  41.848782            
20.996661  42.002956            
21.996502  42.155752            
22.996343  42.305301            
23.996184  42.449982            
24.996025  42.588466            
25.995866  42.719742            
26.995707  42.843133            
27.995548  42.9583            
28.995389  43.065231            
29.99523  43.164219            
30.995071  43.255829            
31.994912  43.340861            
32.994753  43.420301            
33.994594  43.495269            
34.994435  43.566967            
35.994276  43.636622            
36.994117  43.705437            
37.993958  43.774543            
38.993799  43.844953            
39.99364  43.917528            
40.993481  43.992954            
41.993322  44.071716            
42.993163  44.154095            
43.993004  44.240169            
44.992845  44.329819            
45.992686  44.422749            
46.992527  44.518514            
47.992368  44.616548            
48.992209  44.716203            
49.99205  44.816788            
50.991891  44.91761            
51.991732  45.018014            
52.991573  45.117418            
53.991414  45.215352            
54.991255  45.311486            
55.991096  45.405649            
56.990937  45.497846            
57.990778  45.588268            
58.990619  45.677287            
59.99046  45.765449            
60.990301  45.853457            
61.990142  45.942145            
62.989983  46.032452            
63.989824  46.12538            
64.989665  46.221963            
65.989506  46.323221            
66.989347  46.430117            
67.989188  46.543522            
68.989029  46.664176            
69.98887  46.79265            
70.988711  46.929324            
71.988552  47.074362            
72.988393  47.227701            
73.988234  47.389043            
74.988075  47.557857            
75.987916  47.733392            
76.987757  47.914697            
77.987598  48.100641            
78.987439  48.289954            
79.98728  48.481257            
80.987121  48.67311            
81.986962  48.864052            
82.986803  49.05265            
83.986644  49.237542            
84.986485  49.417479            
85.986326  49.591366            
86.986167  49.758296            
87.986008  49.917574            
88.985849  50.068743            
89.98569  50.211595            
90.985531  50.346175            
91.985372  50.472778            
92.985213  50.591938            
93.985054  50.704409            
94.984895  50.811134            
95.984736  50.913222            
96.984577  51.0119            
97.984418  51.108479            
98.984259  51.204308            
99.9841  51.300732            
100.98394  51.399046            
101.98378  51.500457            
102.98362  51.606044            
103.98346  51.71673            
104.98331  51.833249            
105.98315  51.956132            
106.98299  52.085688            
107.98283  52.222005            
108.98267  52.364949            
109.98251  52.514174            
110.98235  52.669138            
111.98219  52.829128            
112.98203  52.993285            
113.98187  53.160641            
114.98172  53.330149            
115.98156  53.500725            
116.9814  53.671286            
117.98124  53.840782            
118.98108  54.008237            
119.98092  54.172779            
120.98076  54.333664            
121.9806  54.490305            
122.98044  54.642284            
123.98028  54.789362            
124.98013  54.931487            
125.97997  55.068789            
126.97981  55.201571            
127.97965  55.330294            
128.97949  55.45556            
129.97933  55.578088            
130.97917  55.69868            
131.97901  55.818201            
132.97885  55.937541            
133.97869  56.057584            
134.97854  56.179182            
135.97838  56.30312            
136.97822  56.430096            
137.97806  56.560696            
138.9779  56.695374            
139.97774  56.834447            
140.97758  56.978078            
141.97742  57.126279            
142.97726  57.278915            
143.9771  57.435708            
144.97695  57.596252            
145.97679  57.760031            
146.97663  57.926437            
147.97647  58.094795            
148.97631  58.264383            
149.97615  58.434467            
150.97599  58.604315            
151.97583  58.773231            
152.97567  58.940572            
153.97551  59.105774            
154.97536  59.268364            
155.9752  59.427976            
156.97504  59.584365            
157.97488  59.737405            
158.97472  59.887097            
159.97456  60.033565            
160.9744  60.177047            
161.97424  60.317888            
162.97408  60.456525            
163.97392  60.59347            
164.97377  60.729297            
165.97361  60.864615            
166.97345  61.000054            
167.97329  61.136244            
168.97313  61.273795            
169.97297  61.413276            
170.97281  61.555206            
171.97265  61.700031            
172.97249  61.848122            
173.97233  61.999757            
174.97218  62.155123            
175.97202  62.314309            
176.97186  62.47731            
177.9717  62.644026            
178.97154  62.81427            
179.97138  62.987777            
180.97122  63.164214            
181.97106  63.343189            
182.9709  63.524264            
183.97074  63.706972            
184.97059  63.890824            
185.97043  64.075328            
186.97027  64.259997            
187.97011  64.44436            
188.96995  64.627978            
189.96979  64.810446            
190.96963  64.991402            
191.96947  65.170536            
192.96931  65.347591            
193.96915  65.522362            
194.969  65.694705            
195.96884  65.864529            
196.96868  66.031798            
197.96852  66.196526            
198.96836  66.358777            
199.9682  66.518657            
200.96804  66.676311            
201.96788  66.831919            
202.96772  66.985689            
203.96756  67.137855            
204.96741  67.288672            
205.96725  67.438408            
206.96709  67.587346            
207.96693  67.735773            
208.96677  67.883985            
209.96661  68.032276            
210.96645  68.180938            
211.96629  68.33026            
212.96613  68.48052            
213.96597  68.631987            
214.96582  68.784915            
215.96566  68.939539            
216.9655  69.096077            
217.96534  69.254718            
218.96518  69.415628            
219.96502  69.578939            
220.96486  69.744751            
221.9647  69.913127            
222.96454  70.08409            
223.96438  70.257623            
224.96423  70.433667            
225.96407  70.612118            
226.96391  70.792832            
227.96375  70.975622            
228.96359  71.160265            
229.96343  71.346502            
230.96327  71.534044            
231.96311  71.722577            
232.96295  71.911771            
233.96279  72.101286            
234.96264  72.290779            
235.96248  72.479914            
236.96232  72.668372            
237.96216  72.855857            
238.962  73.042104            
239.96184  73.226893            
240.96168  73.410047            
241.96152  73.591443            
242.96136  73.771017            
243.9612  73.948763            
244.96105  74.124737            
245.96089  74.299058            
246.96073  74.471898            
247.96057  74.643489            
248.96041  74.814107            
249.96025  74.98407            
250.96009  75.153728            
251.95993  75.323454            
252.95977  75.49363            
253.95961  75.664641            
254.95946  75.836859            
255.9593  76.010636            
256.95914  76.18629            
257.95898  76.364099            
258.95882  76.544288            
259.95866  76.727029            
260.9585  76.912428            
261.95834  77.100529            
262.95818  77.291308            
263.95802  77.484675            
264.95787  77.680479            
265.95771  77.878509            
266.95755  78.078503            
267.95739  78.280155            
268.95723  78.483126            
269.95707  78.687051            
270.95691  78.891551            
271.95675  79.096247            
272.95659  79.300767            
273.95643  79.504757            
274.95628  79.707896            
275.95612  79.909895            
276.95596  80.110516            
277.9558  80.309566            
278.95564  80.506911            
279.95548  80.702473            
280.95532  80.896232            
281.95516  81.088224            
282.955  81.278537            
283.95484  81.467311            
284.95469  81.654725            
285.95453  81.840995            
286.95437  82.026364            
287.95421  82.211094            
288.95405  82.395455            
289.95389  82.579719            
290.95373  82.76415            
291.95357  82.948992            
292.95341  83.134471            
293.95325  83.320778            
294.9531  83.508072            
295.95294  83.696471            
296.95278  83.886053            
297.95262  84.076852            
298.95246  84.268861            
299.9523  84.462033            
300.95214  84.65628            
301.95198  84.851482            
302.95182  85.04749            
303.95166  85.24413            
304.95151  85.441209            
305.95135  85.63852            
306.95119  85.835853            
307.95103  86.032994            
308.95087  86.229735            
309.95071  86.425878            
310.95055  86.621238            
311.95039  86.815649            
312.95023  87.008968            
313.95007  87.201073            
314.94992  87.391869            
315.94976  87.581289            
316.9496  87.76929            
317.94944  87.955859            
318.94928  88.141008            
319.94912  88.324774            
320.94896  88.507219            
321.9488  88.688428            
322.94864  88.868507            
323.94848  89.047581            
324.94833  89.225794            
325.94817  89.403303            
326.94801  89.580283            
327.94785  89.75692            
328.94769  89.933408            
329.94753  90.109953            
330.94737  90.286767            
331.94721  90.464063            
332.94705  90.64206            
333.94689  90.820971            
334.94674  91.001008            
335.94658  91.182373            
336.94642  91.365257            
337.94626  91.549836            
338.9461  91.736262            
339.94594  91.924668            
340.94578  92.115154            
341.94562  92.307788            
342.94546  92.502603            
343.9453  92.699591            
344.94515  92.898698            
345.94499  93.099831            
346.94483  93.302846            
347.94467  93.507557            
348.94451  93.713733            
349.94435  93.921101            
350.94419  94.129351            
351.94403  94.338144            
352.94387  94.547114            
353.94371  94.755877            
354.94356  94.964044            
355.9434  95.171227            
356.94324  95.377048            
357.94308  95.581153            
358.94292  95.783222            
359.94276  95.982977            
360.9426  96.180191            
361.94244  96.374699            
362.94228  96.566401            
363.94212  96.75527            
364.94197  96.941352            
365.94181  97.124768            
366.94165  97.305714            
367.94149  97.484453            
368.94133  97.661312            
369.94117  97.836672            
370.94101  98.010957            
371.94085  98.184621            
372.94069  98.358137            
373.94053  98.531978            
374.94038  98.706604            
375.94022  98.882447            
376.94006  99.059893            
377.9399  99.239269            
378.93974  99.420832            
379.93958  99.604754            
380.93942  99.79112            
381.93926  99.979914            
382.9391  100.17102            
383.93894  100.36423            
384.93879  100.55924            
385.93863  100.75563            
386.93847  100.95295            
387.93831  101.15064            
388.93815  101.34811            
389.93799  101.54473            
390.93783  101.73985            
391.93767  101.93285            
392.93751  102.12309            
393.93735  102.31001            
394.9372  102.49311            
395.93704  102.67195            
396.93688  102.8462            
397.93672  103.01563            
398.93656  103.18013            
399.9364  103.33971            
400.93624  103.49451            
401.93608  103.64477            
402.93592  103.79087            
403.93576  103.93327            
404.93561  104.07253            
405.93545  104.20929            
406.93529  104.34423            
407.93513  104.47809            
408.93497  104.6116            
409.93481  104.74548            
410.93465  104.88042            
411.93449  105.01706            
412.93433  105.15595            
413.93417  105.29756            
414.93402  105.44224            
415.93386  105.59022            
416.9337  105.74162            
417.93354  105.89638            
418.93338  106.05436            
419.93322  106.21527            
420.93306  106.37869            
421.9329  106.54411            
422.93274  106.71091            
423.93258  106.87841            
424.93243  107.04588            
425.93227  107.21256            
426.93211  107.37767            
427.93195  107.54045            
428.93179  107.70019            
429.93163  107.85623            
430.93147  108.00799            
431.93131  108.15499            
432.93115  108.29685            
433.93099  108.43331            
434.93084  108.56423            
435.93068  108.68961            
436.93052  108.80955            
437.93036  108.92426            
438.9302  109.03409            
439.93004  109.13944            
440.92988  109.2408            
441.92972  109.33873            
442.92956  109.43382            
443.9294  109.52665            
444.92925  109.61783            
445.92909  109.70794            
446.92893  109.79751            
447.92877  109.88701            
448.92861  109.97684            
449.92845  110.06732            
450.92829  110.15868            
451.92813  110.25105            
452.92797  110.34446            
453.92781  110.43887            
454.92766  110.53412            
455.9275  110.63            
456.92734  110.72621            
457.92718  110.82242            
458.92702  110.91825            
459.92686  111.0133            
460.9267  111.10717            
461.92654  111.19947            
462.92638  111.28983            
463.92622  111.37794            
464.92607  111.46352            
465.92591  111.54636            
466.92575  111.62633            
467.92559  111.70336            
468.92543  111.77744            
469.92527  111.84866            
470.92511  111.91717            
471.92495  111.98315            
472.92479  112.04685            
473.92463  112.10857            
474.92448  112.16861            
475.92432  112.22729            
476.92416  112.28494            
477.924  112.34185            
478.92384  112.39832            
479.92368  112.45458            
480.92352  112.51083            
481.92336  112.56722            
482.9232  112.62384            
483.92304  112.68073            
484.92289  112.73789            
485.92273  112.79523            
486.92257  112.85266            
487.92241  112.91003            
488.92225  112.96719            
489.92209  113.02394            
490.92193  113.08012            
491.92177  113.13555            
492.92161  113.1901            
493.92145  113.24365            
494.9213  113.29614            
495.92114  113.34756            
496.92098  113.39796            
497.92082  113.44743            
498.92066  113.49614            
499.9205  113.54431            
500.92034  113.59222            
501.92018  113.64016            
502.92002  113.6885            
503.91987  113.73761            
504.91971  113.78784            
505.91955  113.83957            
506.91939  113.89315            
507.91923  113.94886            
508.91907  114.00698            
509.91891  114.06767            
510.91875  114.13106            
511.91859  114.19716            
512.91843  114.26592            
513.91828  114.33718            
514.91812  114.41069            
515.91796  114.48612            
516.9178  114.56307            
517.91764  114.64104            
518.91748  114.71951            
519.91732  114.7979            
520.91716  114.87562            
521.917  114.95206            
522.91684  115.02664            
523.91669  115.09881            
524.91653  115.16808            
525.91637  115.23401            
526.91621  115.29626            
527.91605  115.35459            
528.91589  115.40885            
529.91573  115.45902            
530.91557  115.50517            
531.91541  115.5475            
532.91525  115.58631            
533.9151  115.62199            
534.91494  115.65501            
535.91478  115.68593            
536.91462  115.71533            
537.91446  115.74384            
538.9143  115.7721            
539.91414  115.80075            
540.91398  115.83036            
541.91382  115.8615            
542.91366  115.89463            
543.91351  115.93016            
544.91335  115.96839            
545.91319  116.00952            
546.91303  116.05362            
547.91287  116.10069            
548.91271  116.15058            
549.91255  116.20305            
550.91239  116.25777            
551.91223  116.31433            
552.91207  116.37224            
553.91192  116.43096            
554.91176  116.48993            
555.9116  116.54855            
556.91144  116.60626            
557.91128  116.66248            
558.91112  116.7167            
559.91096  116.76847            
560.9108  116.81738            
561.91064  116.86312            
562.91048  116.90545            
563.91033  116.94424            
564.91017  116.97942            
565.91001  117.01103            
566.90985  117.03917            
567.90969  117.06403            
568.90953  117.08584            
569.90937  117.10488            
570.90921  117.12148            
571.90905  117.13596            
572.90889  117.14866            
573.90874  117.15988            
574.90858  117.16992            
575.90842  117.17903            
576.90826  117.18742            
577.9081  117.19522            
578.90794  117.20251            
579.90778  117.20933            
580.90762  117.21564            
581.90746  117.22134            
582.9073  117.22629            
583.90715  117.23031            
584.90699  117.2332            
585.90683  117.23474            
586.90667  117.2347            
587.90651  117.23288            
588.90635  117.22908            
589.90619  117.22318            
590.90603  117.21506            
591.90587  117.20468            
592.90571  117.19207            
593.90556  117.17732            
594.9054  117.16057            
595.90524  117.14204            
596.90508  117.12199            
597.90492  117.10075            
598.90476  117.07866            
599.9046  117.05608            
600.90444  117.03339            
601.90428  117.01095            
602.90412  116.9891            
603.90397  116.9681            
604.90381  116.9482            
605.90365  116.92953            
606.90349  116.91214            
607.90333  116.89602            
608.90317  116.881            
609.90301  116.86685            
610.90285  116.85323            
611.90269  116.83968            
612.90253  116.82569            
613.90238  116.81065            
614.90222  116.79389            
615.90206  116.77473            
616.9019  116.75245            
617.90174  116.72635            
618.90158  116.69574            
619.90142  116.66001            
620.90126  116.61861            
621.9011  116.57108            
622.90094  116.5171            
623.90079  116.45643            
624.90063  116.38903            
625.90047  116.31495            
626.90031  116.23441            
627.90015  116.1478            
628.89999  116.05559            
629.89983  115.95843            
630.89967  115.85705            
631.89951  115.75228            
632.89935  115.645            
633.8992  115.53615            
634.89904  115.42668            
635.89888  115.31752            
636.89872  115.20956            
637.89856  115.10362            
638.8984  115.00043            
639.89824  114.90062            
640.89808  114.80467            
641.89792  114.7129            
642.89776  114.62552            
643.89761  114.54253            
644.89745  114.4638            
645.89729  114.38903            
646.89713  114.31779            
647.89697  114.2495            
648.89681  114.18347            
649.89665  114.11894            
650.89649  114.05506            
651.89633  113.99094            
652.89617  113.9257            
653.89602  113.85846            
654.89586  113.78837            
655.8957  113.71465            
656.89554  113.63663            
657.89538  113.55372            
658.89522  113.46546            
659.89506  113.37153            
660.8949  113.27175            
661.89474  113.16607            
662.89458  113.05459            
663.89443  112.93756            
664.89427  112.81532            
665.89411  112.68836            
666.89395  112.55723            
667.89379  112.42256            
668.89363  112.28506            
669.89347  112.14543            
670.89331  112.0044            
671.89315  111.86269            
672.89299  111.72098            
673.89284  111.57989            
674.89268  111.43999            
675.89252  111.30175            
676.89236  111.16557            
677.8922  111.03173            
678.89204  110.90044            
679.89188  110.77179            
680.89172  110.64577            
681.89156  110.52232            
682.8914  110.40126            
683.89125  110.28236            
684.89109  110.16536            
685.89093  110.04994            
686.89077  109.93574            
687.89061  109.82244            
688.89045  109.70966            
689.89029  109.5971            
690.89013  109.48444            
691.88997  109.37142            
692.88981  109.2578            
693.88966  109.14341            
694.8895  109.0281            
695.88934  108.91177            
696.88918  108.79437            
697.88902  108.67588            
698.88886  108.5563            
699.8887  108.43566            
700.88854  108.314            
701.88838  108.19134            
702.88822  108.06774            
703.88807  107.94319            
704.88791  107.8177            
705.88775  107.69123            
706.88759  107.56374            
707.88743  107.43512            
708.88727  107.30527            
709.88711  107.17403            
710.88695  107.04124            
711.88679  106.90671            
712.88663  106.77026            
713.88648  106.6317            
714.88632  106.49084            
715.88616  106.34755            
716.886  106.20169            
717.88584  106.0532            
718.88568  105.90203            
719.88552  105.74823            
720.88536  105.59188            
721.8852  105.43313            
722.88504  105.2722            
723.88489  105.10938            
724.88473  104.94498            
725.88457  104.77941            
726.88441  104.61308            
727.88425  104.44644            
728.88409  104.27996            
729.88393  104.11409            
730.88377  103.94929            
731.88361  103.78599            
732.88345  103.62455            
733.8833  103.46529            
734.88314  103.30848            
735.88298  103.15429            
736.88282  103.0028            
737.88266  102.85403            
738.8825  102.70788            
739.88234  102.56419            
740.88218  102.42269            
741.88202  102.28306            
742.88186  102.14491            
743.88171  102.00778            
744.88155  101.8712            
745.88139  101.73465            
746.88123  101.59764            
747.88107  101.45966            
748.88091  101.32024            
749.88075  101.17896            
750.88059  101.03545            
751.88043  100.88942            
752.88027  100.74063            
753.88012  100.58896            
754.87996  100.43435            
755.8798  100.27684            
756.87964  100.11656            
757.87948  99.953695            
758.87932  99.78852            
759.87916  99.621356            
760.879  99.452571            
761.87884  99.28256            
762.87868  99.111729            
763.87853  98.940481            
764.87837  98.7692            
765.87821  98.598233            
766.87805  98.42788            
767.87789  98.258381            
768.87773  98.089907            
769.87757  97.922554            
770.87741  97.756341            
771.87725  97.591208            
772.87709  97.427023            
773.87694  97.263582            
774.87678  97.100624            
775.87662  96.937842            
776.87646  96.774891            
777.8763  96.611409            
778.87614  96.447028            
779.87598  96.281394            
780.87582  96.114178            
781.87566  95.945095            
782.8755  95.773912            
783.87535  95.600462            
784.87519  95.424652            
785.87503  95.246466            
786.87487  95.065969            
787.87471  94.883305            
788.87455  94.698694            
789.87439  94.512421            
790.87423  94.324831            
791.87407  94.136313            
792.87391  93.947287            
793.87376  93.758187            
794.8736  93.569445            
795.87344  93.381476            
796.87328  93.194659            
797.87312  93.009323            
798.87296  92.825736            
799.8728  92.644092            
800.87264  92.464501            
801.87248  92.286987            
802.87232  92.111487            
803.87217  91.937848            
804.87201  91.765834            
805.87185  91.595137            
806.87169  91.425382            
807.87153  91.256146            
808.87137  91.086971            
809.87121  90.917378            
810.87105  90.746892            
811.87089  90.575051            
812.87073  90.401431            
813.87058  90.225656            
814.87042  90.047418            
815.87026  89.866483            
816.8701  89.682705            
817.86994  89.496028            
818.86978  89.306495            
819.86962  89.114237            
820.86946  88.919481            
821.8693  88.72253            
822.86914  88.523763            
823.86899  88.323613            
824.86883  88.12256            
825.86867  87.921105            
826.86851  87.719759            
827.86835  87.519023            
828.86819  87.319367            
829.86803  87.121218            
830.86787  86.924943            
831.86771  86.730836            
832.86755  86.539105            
833.8674  86.349873            
834.86724  86.163167            
835.86708  85.978919            
836.86692  85.796973            
837.86676  85.617089            
838.8666  85.438949            
839.86644  85.262178            
840.86628  85.086348            
841.86612  84.911002            
842.86596  84.735666            
843.86581  84.559867            
844.86565  84.383151            
845.86549  84.205098            
846.86533  84.025335            
847.86517  83.843548            
848.86501  83.659494            
849.86485  83.473002            
850.86469  83.283982            
851.86453  83.092421            
852.86437  82.89838            
853.86422  82.70199            
854.86406  82.503441            
855.8639  82.302969            
856.86374  82.100848            
857.86358  81.89737            
858.86342  81.692831            
859.86326  81.487518            
860.8631  81.281694            
861.86294  81.075584            
862.86278  80.869362            
863.86263  80.663145            
864.86247  80.456987            
865.86231  80.250873            
866.86215  80.044723            
867.86199  79.838393            
868.86183  79.631682            
869.86167  79.424342            
870.86151  79.216093            
871.86135  79.006633            
872.86119  78.795655            
873.86104  78.582867            
874.86088  78.368007            
875.86072  78.15086            
876.86056  77.931269            
877.8604  77.709159            
878.86024  77.484537            
879.86008  77.257505            
880.85992  77.028265            
881.85976  76.79712            
882.8596  76.564468            
883.85945  76.330797            
884.85929  76.096675            
885.85913  75.862733            
886.85897  75.629652            
887.85881  75.398141            
888.85865  75.168913            
889.85849  74.942668            
890.85833  74.720065            
891.85817  74.501706            
892.85801  74.288106            
893.85786  74.079684            
894.8577  73.876742            
895.85754  73.679453            
896.85738  73.487853            
897.85722  73.301841            
898.85706  73.121172            
899.8569  72.945471            
900.85674  72.774235            
901.85658  72.606855            
902.85642  72.442627            
903.85627  72.280777            
904.85611  72.120486            
905.85595  71.960912            
906.85579  71.801219            
907.85563  71.640603            
908.85547  71.478318            
909.85531  71.313698            
910.85515  71.146179            
911.85499  70.97532            
912.85483  70.800812            
913.85468  70.622487            
914.85452  70.440328            
915.85436  70.254462            
916.8542  70.06516            
917.85404  69.872821            
918.85388  69.677962            
919.85372  69.481196            
920.85356  69.28321            
921.8534  69.084745            
922.85324  68.886563            
923.85309  68.689424            
924.85293  68.494059            
925.85277  68.301142            
926.85261  68.11127            
927.85245  67.924937            
928.85229  67.742524            
929.85213  67.564279            
930.85197  67.390309            
931.85181  67.220583            
932.85165  67.054925            
933.8515  66.893023            
934.85134  66.734444            
935.85118  66.578643            
936.85102  66.424983            
937.85086  66.272759            
938.8507  66.121222            
939.85054  65.969602            
940.85038  65.817133            
941.85022  65.663083            
942.85006  65.506772            
943.84991  65.3476            
944.84975  65.185062            
945.84959  65.018762            
946.84943  64.848429            
947.84927  64.673921            
948.84911  64.495229            
949.84895  64.312471            
950.84879  64.125892            
951.84863  63.935847            
952.84847  63.74279            
953.84832  63.547254            
954.84816  63.349835            
955.848  63.151165            
956.84784  62.951894            
957.84768  62.752665            
958.84752  62.554094            
959.84736  62.356746            
960.8472  62.161121            
961.84704  61.967639            
962.84688  61.776625            
963.84673  61.588305            
964.84657  61.4028            
965.84641  61.220124            
966.84625  61.040195            
967.84609  60.862837            
968.84593  60.68779            
969.84577  60.514732            
970.84561  60.343288            
971.84545  60.173048            
972.84529  60.003592            
973.84514  59.834504            
974.84498  59.665389            
975.84482  59.495894            
976.84466  59.325722            
977.8445  59.154642            
978.84434  58.982501            
979.84418  58.809229            
980.84402  58.634841            
981.84386  58.459438            
982.8437  58.2832            
983.84355  58.106381            
984.84339  57.929294            
985.84323  57.752305            
986.84307  57.57581            
987.84291  57.400223            
988.84275  57.225958            
989.84259  57.053412            
990.84243  56.88295            
991.84227  56.714888            
992.84211  56.54948            
993.84196  56.386909            
994.8418  56.227279            
995.84164  56.070611            
996.84148  55.916838            
997.84132  55.765812            
998.84116  55.617308            
999.841  55.471028            
1000.8408  55.326618            
1001.8407  55.183678            
1002.8405  55.041778            
1003.8404  54.900471            
1004.8402  54.759314            
1005.84  54.617881            
1006.8399  54.475778            
1007.8397  54.33266            
1008.8396  54.188241            
1009.8394  54.042303            
1010.8393  53.894705            
1011.8391  53.745386            
1012.8389  53.594364            
1013.8388  53.441737            
1014.8386  53.287675            
1015.8385  53.132415            
1016.8383  52.976247            
1017.8381  52.819503            
1018.838  52.662543            
1019.8378  52.505742            
1020.8377  52.349471            
1021.8375  52.194085            
1022.8373  52.039909            
1023.8372  51.887224            
1024.837  51.736256            
1025.8369  51.58717            
1026.8367  51.440063            
1027.8366  51.29496            
1028.8364  51.151817            
1029.8362  51.010521            
1030.8361  50.870895            
1031.8359  50.732712            
1032.8358  50.595697            
1033.8356  50.459546            
1034.8354  50.323935            
1035.8353  50.188536            
1036.8351  50.05303            
1037.835  49.917121            
1038.8348  49.780546            
1039.8346  49.64309            
1040.8345  49.50459            
1041.8343  49.364946            
1042.8342  49.224122            
1043.834  49.082148            
1044.8338  48.939118            
1045.8337  48.795188            
1046.8335  48.650563            
1047.8334  48.505497            
1048.8332  48.360275            
1049.8331  48.215203            
1050.8329  48.070595            
1051.8327  47.92676            
1052.8326  47.78399            
1053.8324  47.642545            
1054.8323  47.502643            
1055.8321  47.36445            
1056.8319  47.228078            
1057.8318  47.093573            
1058.8316  46.960919            
1059.8315  46.830033            
1060.8313  46.700776            
1061.8311  46.572955            
1062.831  46.44633            
1063.8308  46.320628            
1064.8307  46.195554            
1065.8305  46.070805            
1066.8303  45.946081            
1067.8302  45.821104            
1068.83  45.695624            
1069.8299  45.569439            
1070.8297  45.4424            
1071.8296  45.314422            
1072.8294  45.185487            
1073.8292  45.05565            
1074.8291  44.925039            
1075.8289  44.793849            
1076.8288  44.662342            
1077.8286  44.530832            
1078.8284  44.399679            
1079.8283  44.269278            
1080.8281  44.140037            
1081.828  44.01237            
1082.8278  43.886679            
1083.8276  43.763335            
1084.8275  43.642669            
1085.8273  43.524957            
1086.8272  43.410406            
1087.827  43.299151            
1088.8269  43.191244            
1089.8267  43.086653            
1090.8265  42.985263            
1091.8264  42.886878            
1092.8262  42.791226            
1093.8261  42.697973            
1094.8259  42.60673            
1095.8257  42.517068            
1096.8256  42.428534            
1097.8254  42.340667            
1098.8253  42.253014            
1099.8251  42.165148            
1100.8249  42.07668            
1101.8248  41.987275            
1102.8246  41.896667            
1103.8245  41.80466            
1104.8243  41.711142            
1105.8241  41.616086            
1106.824  41.519548            
1107.8238  41.421666            
1108.8237  41.322654            
1109.8235  41.222792            
1110.8234  41.122411            
1111.8232  41.021887            
1112.823  40.921617            
1113.8229  40.822009            
1114.8227  40.723462            
1115.8226  40.626353            
1116.8224  40.531018            
1117.8222  40.437741            
1118.8221  40.346742            
1119.8219  40.258169            
1120.8218  40.17209            
1121.8216  40.088492            
1122.8214  40.007282            
1123.8213  39.92829            
1124.8211  39.851274            
1125.821  39.775936            
1126.8208  39.701925            
1127.8207  39.628861            
1128.8205  39.556344            
1129.8203  39.483973            
1130.8202  39.411361            
1131.82  39.338154            
1132.8199  39.264043            
1133.8197  39.188778            
1134.8195  39.112178            
1135.8194  39.034141            
1136.8192  38.954646            
1137.8191  38.873758            
1138.8189  38.791624            
1139.8187  38.708465            
1140.8186  38.624576            
1141.8184  38.540305            
1142.8183  38.456047            
1143.8181  38.372226            
1144.8179  38.289276            
1145.8178  38.207628            
1146.8176  38.12769            
1147.8175  38.049831            
1148.8173  37.974366            
1149.8172  37.901543            
1150.817  37.831535            
1151.8168  37.764426            
1152.8167  37.700215            
1153.8165  37.638808            
1154.8164  37.580027            
1155.8162  37.52361            
1156.816  37.469227            
1157.8159  37.416487            
1158.8157  37.364954            
1159.8156  37.314168            
1160.8154  37.263655            
1161.8152  37.212951            
1162.8151  37.161618            
1163.8149  37.10926            
1164.8148  37.05554            
1165.8146  37.000193            
1166.8144  36.943034            
1167.8143  36.883968            
1168.8141  36.822992            
1169.814  36.760193            
1170.8138  36.695748            
1171.8137  36.629916            
1172.8135  36.563022            
1173.8133  36.495451            
1174.8132  36.427628            
1175.813  36.359998            
1176.8129  36.293015            
1177.8127  36.227113            
1178.8125  36.162698            
1179.8124  36.100121            
1180.8122  36.039669            
1181.8121  35.981552            
1182.8119  35.925889            
1183.8117  35.872706            
1184.8116  35.821933            
1185.8114  35.773404            
1186.8113  35.726864            
1187.8111  35.681977            
1188.811  35.638341            
1189.8108  35.595501            
1190.8106  35.55297            
1191.8105  35.510245            
1192.8103  35.466829            
1193.8102  35.422256            
1194.81  35.376102            
1195.8098  35.328011            
1196.8097  35.277709            
1197.8095  35.225014            
1198.8094  35.16985            
1199.8092  35.112249            
1200.809  35.052355            
1201.8089  34.990419            
1202.8087  34.926793            
1203.8086  34.861918            
1204.8084  34.796307            
1205.8082  34.730532            
1206.8081  34.665198            
1207.8079  34.600923            
1208.8078  34.538315            
1209.8076  34.477946            
1210.8075  34.420334            
