0  33.055819            
1.000142  33.063701            
2.000284  33.070793            
3.000426  33.077098            
4.000568  33.082625            
5.00071  33.087385            
6.000852  33.091392            
7.0009941  33.094668            
8.0011361  33.097236            
9.0012781  33.099126            
10.00142  33.100373            
11.001562  33.101019            
12.001704  33.101109            
13.001846  33.100699            
14.001988  33.099849            
15.00213  33.098629            
16.002272  33.097116            
17.002414  33.095396            
18.002556  33.093565            
19.002698  33.091727            
20.00284  33.089996            
21.002982  33.0885            
22.003124  33.087371            
23.003266  33.086758            
24.003408  33.08682            
25.00355  33.08773            
26.003692  33.089672            
27.003834  33.092845            
28.003976  33.097462            
29.004118  33.103747            
30.00426  33.111944            
31.004402  33.122305            
32.004544  33.135101            
33.004686  33.150614            
34.004828  33.169147            
35.00497  33.191015            
36.005112  33.216552            
37.005254  33.246108            
38.005396  33.280047            
39.005538  33.318752            
40.00568  33.362622            
41.005822  33.412069            
42.005964  33.467522            
43.006106  33.529426            
44.006248  33.598243            
45.00639  33.674451            
46.006532  33.758543            
47.006674  33.851028            
48.006816  33.952431            
49.006958  34.063288            
50.0071  34.184154            
51.007242  34.315591            
52.007384  34.458175            
53.007526  34.612495            
54.007668  34.779157            
55.00781  34.958773            
56.007952  35.151969            
57.008094  35.359378            
58.008236  35.581644            
59.008378  35.819419            
60.00852  36.073362            
61.008662  36.344135            
62.008804  36.632409            
63.008946  36.93886            
64.009088  37.26417            
65.00923  37.609024            
66.009372  37.97411            
67.009514  38.360118            
68.009657  38.767737            
69.009799  39.197655            
70.009941  39.65056            
71.010083  40.127132            
72.010225  40.628052            
73.010367  41.154003            
74.010509  41.70566            
75.010651  42.283695            
76.010793  42.888773            
77.010935  43.521551            
78.011077  44.182682            
79.011219  44.872809            
80.011361  45.592566            
81.011503  46.342564            
82.011645  47.123421            
83.011787  47.935741            
84.011929  48.78012            
85.012071  49.65714            
86.012213  50.567371            
87.012355  51.511373            
88.012497  52.48969            
89.012639  53.502859            
90.012781  54.551395            
91.012923  55.6358            
92.013065  56.756568            
93.013207  57.914176            
94.013349  59.109094            
95.013491  60.341771            
96.013633  61.612649            
97.013775  62.922149            
98.013917  64.270685            
99.014059  65.65865            
100.0142  67.086426            
101.01434  68.554373            
102.01448  70.062851            
103.01463  71.612204            
104.01477  73.202753            
105.01491  74.834815            
106.01505  76.508683            
107.01519  78.224648            
108.01534  79.982978            
109.01548  81.783931            
110.01562  83.627747            
111.01576  85.514649            
112.0159  87.444862            
113.01605  89.418583            
114.01619  91.436007            
115.01633  93.4973            
116.01647  95.602624            
117.01661  97.752118            
118.01676  99.945907            
119.0169  102.18411            
120.01704  104.4668            
121.01718  106.79408            
122.01732  109.166            
123.01747  111.58261            
124.01761  114.04393            
125.01775  116.54998            
126.01789  119.10074            
127.01803  121.69617            
128.01818  124.33623            
129.01832  127.02083            
130.01846  129.74988            
131.0186  132.52324            
132.01874  135.34078            
133.01889  138.20233            
134.01903  141.10769            
135.01917  144.05663            
136.01931  147.04889            
137.01946  150.08419            
138.0196  153.16221            
139.01974  156.28262            
140.01988  159.44501            
141.02002  162.64898            
142.02017  165.8941            
143.02031  169.17987            
144.02045  172.50578            
145.02059  175.87126            
146.02073  179.27572            
147.02088  182.71852            
148.02102  186.199            
149.02116  189.71642            
150.0213  193.27003            
151.02144  196.85905            
152.02159  200.48263            
153.02173  204.1399            
154.02187  207.82992            
155.02201  211.55173            
156.02215  215.3043            
157.0223  219.0866            
158.02244  222.89751            
159.02258  226.73589            
160.02272  230.60057            
161.02286  234.49033            
162.02301  238.4039            
163.02315  242.33998            
164.02329  246.29723            
165.02343  250.27424            
166.02357  254.26961            
167.02372  258.28187            
168.02386  262.30953            
169.024  266.35105            
170.02414  270.40488            
171.02428  274.46944            
172.02443  278.54311            
173.02457  282.62424            
174.02471  286.71115            
175.02485  290.80215            
176.02499  294.89553            
177.02514  298.98954            
178.02528  303.08244            
179.02542  307.17246            
180.02556  311.25783            
181.0257  315.33676            
182.02585  319.40747            
183.02599  323.46814            
184.02613  327.51698            
185.02627  331.55218            
186.02641  335.57194            
187.02656  339.57448            
188.0267  343.55799            
189.02684  347.52073            
190.02698  351.46093            
191.02712  355.37684            
192.02727  359.26675            
193.02741  363.12891            
194.02755  366.96167            
195.02769  370.76333            
196.02783  374.53227            
197.02798  378.26686            
198.02812  381.96554            
199.02826  385.62676            
200.0284  389.24901            
201.02854  392.83081            
202.02869  396.3707            
203.02883  399.86729            
204.02897  403.31917            
205.02911  406.72504            
206.02925  410.08357            
207.0294  413.39353            
208.02954  416.65369            
209.02968  419.86291            
210.02982  423.02005            
211.02996  426.12402            
212.03011  429.17379            
213.03025  432.16832            
214.03039  435.10667            
215.03053  437.98789            
216.03067  440.81112            
217.03082  443.57551            
218.03096  446.28024            
219.0311  448.92457            
220.03124  451.50776            
221.03138  454.02911            
222.03153  456.48795            
223.03167  458.88366            
224.03181  461.21565            
225.03195  463.48334            
226.03209  465.6862            
227.03224  467.82371            
228.03238  469.89541            
229.03252  471.90084            
230.03266  473.83957            
231.0328  475.71117            
232.03295  477.51525            
233.03309  479.25143            
234.03323  480.91935            
235.03337  482.51869            
236.03351  484.0491            
237.03366  485.51028            
238.0338  486.90194            
239.03394  488.22379            
240.03408  489.47554            
241.03422  490.65692            
242.03437  491.76765            
243.03451  492.80749            
244.03465  493.77618            
245.03479  494.67346            
246.03493  495.49912            
247.03508  496.2529            
248.03522  496.9346            
249.03536  497.54399            
250.0355  498.08084            
251.03564  498.54492            
252.03579  498.93603            
253.03593  499.25396            
254.03607  499.49851            
255.03621  499.66949            
256.03635  499.76671            
257.0365  499.78999            
258.03664  499.73917            
259.03678  499.61409            
260.03692  499.4146            
261.03706  499.14055            
262.03721  498.79183            
263.03735  498.36833            
264.03749  497.86995            
265.03763  497.29664            
266.03777  496.64833            
267.03792  495.925            
268.03806  495.12665            
269.0382  494.25327            
270.03834  493.30491            
271.03848  492.28164            
272.03863  491.18356            
273.03877  490.01081            
274.03891  488.76354            
275.03905  487.44195            
276.03919  486.04629            
277.03934  484.57683            
278.03948  483.03388            
279.03962  481.41779            
280.03976  479.72891            
281.0399  477.96771            
282.04005  476.13466            
283.04019  474.23028            
284.04033  472.25515            
285.04047  470.20987            
286.04061  468.09511            
287.04076  465.91158            
288.0409  463.66004            
289.04104  461.34127            
290.04118  458.95613            
291.04132  456.50551            
292.04147  453.99035            
293.04161  451.41165            
294.04175  448.77044            
295.04189  446.06783            
296.04203  443.30494            
297.04218  440.48294            
298.04232  437.60304            
299.04246  434.6665            
300.0426  431.67462            
301.04274  428.62872            
302.04289  425.53021            
303.04303  422.38047            
304.04317  419.18097            
305.04331  415.93317            
306.04345  412.6386            
307.0436  409.29878            
308.04374  405.91527            
309.04388  402.48966            
310.04402  399.02354            
311.04416  395.51857            
312.04431  391.97637            
313.04445  388.39862            
314.04459  384.78699            
315.04473  381.14316            
316.04487  377.46882            
317.04502  373.76567            
318.04516  370.03539            
319.0453  366.27968            
320.04544  362.50025            
321.04558  358.69878            
322.04573  354.87698            
323.04587  351.03652            
324.04601  347.17908            
325.04615  343.30633            
326.04629  339.41989            
327.04644  335.52141            
328.04658  331.61246            
329.04672  327.69466            
330.04686  323.76957            
331.047  319.83874            
332.04715  315.90371            
333.04729  311.96598            
334.04743  308.02702            
335.04757  304.08829            
336.04771  300.15121            
337.04786  296.21716            
338.048  292.2875            
339.04814  288.36357            
340.04828  284.44667            
341.04842  280.53808            
342.04857  276.63904            
343.04871  272.75077            
344.04885  268.87444            
345.04899  265.01123            
346.04913  261.16222            
347.04928  257.32853            
348.04942  253.5112            
349.04956  249.71126            
350.0497  245.92972            
351.04984  242.16755            
352.04999  238.42569            
353.05013  234.70506            
354.05027  231.00655            
355.05041  227.33102            
356.05055  223.6793            
357.0507  220.05219            
358.05084  216.45049            
359.05098  212.87497            
360.05112  209.32635            
361.05126  205.80536            
362.05141  202.31269            
363.05155  198.84902            
364.05169  195.415            
365.05183  192.01126            
366.05197  188.63841            
367.05212  185.29705            
368.05226  181.98776            
369.0524  178.71109            
370.05254  175.46759            
371.05268  172.25778            
372.05283  169.08219            
373.05297  165.94128            
374.05311  162.83555            
375.05325  159.76546            
376.05339  156.73143            
377.05354  153.73391            
378.05368  150.7733            
379.05382  147.85001            
380.05396  144.96441            
381.0541  142.11688            
382.05425  139.30775            
383.05439  136.53736            
384.05453  133.80604            
385.05467  131.11406            
386.05481  128.46171            
387.05496  125.84927            
388.0551  123.27697            
389.05524  120.74505            
390.05538  118.25371            
391.05552  115.80314            
392.05567  113.39351            
393.05581  111.02498            
394.05595  108.69766            
395.05609  106.41166            
396.05623  104.16706            
397.05638  101.96394            
398.05652  99.802353            
399.05666  97.682309            
400.0568  95.603807            
401.05694  93.566821            
402.05709  91.571305            
403.05723  89.617184            
404.05737  87.704366            
405.05751  85.832726            
406.05765  84.002124            
407.0578  82.212403            
408.05794  80.463376            
409.05808  78.754832            
410.05822  77.086539            
411.05837  75.458241            
412.05851  73.869654            
413.05865  72.32048            
414.05879  70.81039            
415.05893  69.339039            
416.05908  67.906066            
417.05922  66.511093            
418.05936  65.153717            
419.0595  63.833513            
420.05964  62.550043            
421.05979  61.302849            
422.05993  60.091463            
423.06007  58.915392            
424.06021  57.774134            
425.06035  56.667168            
426.0605  55.593972            
427.06064  54.554012            
428.06078  53.546736            
429.06092  52.571584            
430.06106  51.627986            
431.06121  50.715369            
432.06135  49.833148            
433.06149  48.98074            
434.06163  48.157554            
435.06177  47.362992            
436.06192  46.596467            
437.06206  45.857382            
438.0622  45.145139            
439.06234  44.45914            
440.06248  43.798789            
441.06263  43.163493            
442.06277  42.55266            
443.06291  41.965706            
444.06305  41.402047            
445.06319  40.861109            
446.06334  40.342331            
447.06348  39.84515            
448.06362  39.369009            
449.06376  38.913357            
450.0639  38.477655            
451.06405  38.06137            
452.06419  37.663977            
453.06433  37.284963            
454.06447  36.923821            
455.06461  36.580054            
456.06476  36.253184            
457.0649  35.942734            
458.06504  35.648236            
459.06518  35.369231            
460.06532  35.105269            
461.06547  34.85591            
462.06561  34.620722            
463.06575  34.399284            
464.06589  34.191182            
465.06603  33.996012            
466.06618  33.81338            
467.06632  33.642898            
468.06646  33.484184            
469.0666  33.336865            
470.06674  33.200572            
471.06689  33.074943            
472.06703  32.959624            
473.06717  32.854265            
474.06731  32.758522            
475.06745  32.672059            
476.0676  32.594542            
477.06774  32.525644            
478.06788  32.465038            
479.06802  32.412402            
480.06816  32.36742            
481.06831  32.329778            
482.06845  32.299165            
483.06859  32.275273            
484.06873  32.257797            
485.06887  32.246437            
486.06902  32.240895            
487.06916  32.240874            
488.0693  32.246081            
489.06944  32.256223            
490.06958  32.271011            
491.06973  32.290161            
492.06987  32.31339            
493.07001  32.340419            
494.07015  32.370971            
495.07029  32.404777            
496.07044  32.441566            
497.07058  32.481073            
498.07072  32.523036            
499.07086  32.5672            
500.071  32.61331            
501.07115  32.661121            
502.07129  32.710391            
503.07143  32.760883            
504.07157  32.812369            
505.07171  32.864626            
506.07186  32.917438            
507.072  32.970595            
508.07214  33.023894            
509.07228  33.077139            
510.07242  33.130145            
511.07257  33.182731            
512.07271  33.234729            
513.07285  33.285976            
514.07299  33.33632            
515.07313  33.38562            
516.07328  33.433741            
517.07342  33.480559            
518.07356  33.525958            
519.0737  33.569833            
520.07384  33.612089            
521.07399  33.65264            
522.07413  33.691409            
523.07427  33.72833            
524.07441  33.763345            
525.07455  33.796408            
526.0747  33.827479            
527.07484  33.856528            
528.07498  33.883535            
529.07512  33.908487            
530.07526  33.931379            
531.07541  33.952214            
532.07555  33.971003            
533.07569  33.987764            
534.07583  34.00252            
535.07597  34.015302            
536.07612  34.026146            
537.07626  34.035092            
538.0764  34.042187            
539.07654  34.04748            
540.07668  34.051024            
541.07683  34.052877            
542.07697  34.053096            
543.07711  34.051744            
544.07725  34.048883            
545.07739  34.044577            
546.07754  34.038889            
547.07768  34.031885            
548.07782  34.023628            
549.07796  34.014181            
550.0781  34.003605            
551.07825  33.991961            
552.07839  33.979306            
553.07853  33.965696            
554.07867  33.951183            
555.07881  33.935817            
556.07896  33.919643            
557.0791  33.902704            
558.07924  33.88504            
559.07938  33.866685            
560.07952  33.847671            
561.07967  33.828025            
562.07981  33.807769            
563.07995  33.786924            
564.08009  33.765505            
565.08023  33.743522            
566.08038  33.720984            
567.08052  33.697894            
568.08066  33.674254            
569.0808  33.650061            
570.08094  33.62531            
571.08109  33.599994            
572.08123  33.574104            
573.08137  33.547627            
574.08151  33.520551            
575.08165  33.492861            
576.0818  33.464544            
577.08194  33.435583            
578.08208  33.405965            
579.08222  33.375675            
580.08236  33.3447            
581.08251  33.313031            
582.08265  33.280656            
583.08279  33.247571            
584.08293  33.213769            
585.08307  33.179252            
586.08322  33.144023            
587.08336  33.108088            
588.0835  33.07146            
589.08364  33.034155            
590.08378  32.996197            
591.08393  32.957612            
592.08407  32.918434            
593.08421  32.878703            
594.08435  32.838464            
595.08449  32.79777            
596.08464  32.756679            
597.08478  32.715257            
598.08492  32.673577            
599.08506  32.631719            
600.0852  32.589769            
601.08535  32.54782            
602.08549  32.505971            
603.08563  32.46433            
604.08577  32.42301            
605.08591  32.38213            
606.08606  32.341816            
607.0862  32.302201            
608.08634  32.263423            
609.08648  32.225625            
610.08662  32.188957            
611.08677  32.153572            
612.08691  32.119628            
613.08705  32.087285            
614.08719  32.05671            
615.08733  32.028074            
616.08748  32.001549            
617.08762  31.977312            
618.08776  31.95554            
619.0879  31.936415            
620.08804  31.920117            
621.08819  31.90683            
622.08833  31.896737            
623.08847  31.890022            
624.08861  31.886869            
625.08875  31.887463            
626.0889  31.891989            
627.08904  31.900632            
628.08918  31.913573            
629.08932  31.930997            
630.08946  31.953083            
631.08961  31.98001            
632.08975  32.011956            
633.08989  32.049098            
634.09003  32.091611            
635.09017  32.139671            
636.09032  32.193448            
637.09046  32.253115            
638.0906  32.318841            
639.09074  32.390796            
640.09088  32.469148            
641.09103  32.554063            
642.09117  32.645708            
643.09131  32.74425            
644.09145  32.849857            
645.09159  32.962698            
646.09174  33.082942            
647.09188  33.210762            
648.09202  33.34633            
649.09216  33.489819            
650.0923  33.64141            
651.09245  33.80128            
652.09259  33.969614            
653.09273  34.146603            
654.09287  34.332442            
655.09301  34.52733            
656.09316  34.731476            
657.0933  34.945091            
658.09344  35.168396            
659.09358  35.401617            
660.09372  35.64499            
661.09387  35.898752            
662.09401  36.163157            
663.09415  36.438465            
664.09429  36.724948            
665.09443  37.022888            
666.09458  37.332576            
667.09472  37.654314            
668.09486  37.988414            
669.095  38.335202            
670.09514  38.695012            
671.09529  39.068185            
672.09543  39.455077            
673.09557  39.856058            
674.09571  40.271508            
675.09585  40.701817            
676.096  41.14739            
677.09614  41.608639            
678.09628  42.08599            
679.09642  42.579876            
680.09657  43.090742            
681.09671  43.619037            
682.09685  44.165227            
683.09699  44.729783            
684.09713  45.313187            
685.09728  45.915925            
686.09742  46.538496            
687.09756  47.181402            
688.0977  47.845152            
689.09784  48.53026            
690.09799  49.237241            
691.09813  49.966615            
692.09827  50.718908            
693.09841  51.494649            
694.09855  52.294369            
695.0987  53.118595            
696.09884  53.967857            
697.09898  54.842684            
698.09912  55.743602            
699.09926  56.671137            
700.09941  57.625804            
701.09955  58.608118            
702.09969  59.618593            
703.09983  60.657734            
704.09997  61.726042            
705.10012  62.824008            
706.10026  63.952118            
707.1004  65.110843            
708.10054  66.300647            
709.10068  67.521987            
710.10083  68.775298            
711.10097  70.061014            
712.10111  71.379557            
713.10125  72.731337            
714.10139  74.116747            
715.10154  75.536169            
716.10168  76.989969            
717.10182  78.478502            
718.10196  80.002107            
719.1021  81.561103            
720.10225  83.15579            
721.10239  84.786464            
722.10253  86.453402            
723.10267  88.156867            
724.10281  89.897099            
725.10296  91.67433            
726.1031  93.488766            
727.10324  95.340604            
728.10338  97.230021            
729.10352  99.15718            
730.10367  101.12222            
731.10381  103.12527            
732.10395  105.16644            
733.10409  107.24583            
734.10423  109.36352            
735.10438  111.51956            
736.10452  113.71401            
737.10466  115.94689            
738.1048  118.21821            
739.10494  120.52797            
740.10509  122.87613            
741.10523  125.26269            
742.10537  127.68757            
743.10551  130.1507            
744.10565  132.65201            
745.1058  135.19139            
746.10594  137.76871            
747.10608  140.38385            
748.10622  143.03664            
749.10636  145.72691            
750.10651  148.45448            
751.10665  151.21915            
752.10679  154.0207            
753.10693  156.85888            
754.10707  159.73344            
755.10722  162.64411            
756.10736  165.59059            
757.1075  168.57256            
758.10764  171.58968            
759.10778  174.64162            
760.10793  177.72798            
761.10807  180.8484            
762.10821  184.00244            
763.10835  187.18969            
764.10849  190.40967            
765.10864  193.66191            
766.10878  196.94591            
767.10892  200.26114            
768.10906  203.60704            
769.1092  206.98305            
770.10935  210.38857            
771.10949  213.82297            
772.10963  217.28562            
773.10977  220.77582            
774.10991  224.29288            
775.11006  227.83606            
776.1102  231.40461            
777.11034  234.99774            
778.11048  238.61463            
779.11062  242.25445            
780.11077  245.91633            
781.11091  249.59937            
782.11105  253.30265            
783.11119  257.02518            
784.11133  260.76601            
785.11148  264.52409            
786.11162  268.29838            
787.11176  272.0878            
788.1119  275.89124            
789.11204  279.70758            
790.11219  283.53564            
791.11233  287.37425            
792.11247  291.22217            
793.11261  295.07815            
794.11275  298.9409            
795.1129  302.80913            
796.11304  306.68149            
797.11318  310.55662            
798.11332  314.43313            
799.11346  318.30962            
800.11361  322.18467            
801.11375  326.0568            
802.11389  329.92455            
803.11403  333.7864            
804.11417  337.64084            
805.11432  341.48631            
806.11446  345.32126            
807.1146  349.14411            
808.11474  352.95325            
809.11488  356.74711            
810.11503  360.52403            
811.11517  364.2824            
812.11531  368.02056            
813.11545  371.73686            
814.11559  375.42962            
815.11574  379.09718            
816.11588  382.73786            
817.11602  386.34995            
818.11616  389.9318            
819.1163  393.48171            
820.11645  396.998            
821.11659  400.47896            
822.11673  403.92292            
823.11687  407.32818            
824.11701  410.69307            
825.11716  414.01593            
826.1173  417.29508            
827.11744  420.52887            
828.11758  423.71566            
829.11772  426.85384            
830.11787  429.94177            
831.11801  432.97785            
832.11815  435.9605            
833.11829  438.88812            
834.11843  441.75919            
835.11858  444.57213            
836.11872  447.32546            
837.11886  450.01767            
838.119  452.64732            
839.11914  455.21296            
840.11929  457.71315            
841.11943  460.14651            
842.11957  462.51166            
843.11971  464.80726            
844.11985  467.03199            
845.12  469.18459            
846.12014  471.26377            
847.12028  473.26833            
848.12042  475.1971            
849.12056  477.04891            
850.12071  478.82265            
851.12085  480.51722            
852.12099  482.13157            
853.12113  483.66469            
854.12127  485.11559            
855.12142  486.48334            
856.12156  487.76703            
857.1217  488.96581            
858.12184  490.07885            
859.12198  491.10539            
860.12213  492.04464            
861.12227  492.89595            
862.12241  493.65863            
863.12255  494.33208            
864.12269  494.91572            
865.12284  495.40902            
866.12298  495.81153            
867.12312  496.12278            
868.12326  496.34242            
869.1234  496.47007            
870.12355  496.50545            
871.12369  496.4483            
872.12383  496.29842            
873.12397  496.05567            
874.12411  495.71993            
875.12426  495.29118            
876.1244  494.76938            
877.12454  494.15462            
878.12468  493.44698            
879.12482  492.64662            
880.12497  491.75372            
881.12511  490.76854            
882.12525  489.69141            
883.12539  488.52266            
884.12553  487.26273            
885.12568  485.91206            
886.12582  484.4712            
887.12596  482.94072            
888.1261  481.32125            
889.12624  479.61345            
890.12639  477.81806            
891.12653  475.93588            
892.12667  473.96773            
893.12681  471.91453            
894.12695  469.77721            
895.1271  467.55679            
896.12724  465.25431            
897.12738  462.87088            
898.12752  460.40766            
899.12766  457.86584            
900.12781  455.24668            
901.12795  452.55148            
902.12809  449.78162            
903.12823  446.93848            
904.12837  444.02353            
905.12852  441.03826            
906.12866  437.9842            
907.1288  434.86296            
908.12894  431.67612            
909.12908  428.42538            
910.12923  425.11241            
911.12937  421.73898            
912.12951  418.30687            
913.12965  414.81789            
914.12979  411.27391            
915.12994  407.67679            
916.13008  404.02847            
917.13022  400.33086            
918.13036  396.58592            
919.1305  392.79564            
920.13065  388.96203            
921.13079  385.08712            
922.13093  381.17296            
923.13107  377.22162            
924.13121  373.23518            
925.13136  369.21574            
926.1315  365.16539            
927.13164  361.08623            
928.13178  356.98037            
929.13192  352.84992            
930.13207  348.69699            
931.13221  344.5237            
932.13235  340.33215            
933.13249  336.12444            
934.13263  331.90268            
935.13278  327.66894            
936.13292  323.4253            
937.13306  319.17379            
938.1332  314.91645            
939.13334  310.6553            
940.13349  306.39233            
941.13363  302.12952            
942.13377  297.86881            
943.13391  293.61212            
944.13405  289.36135            
945.1342  285.11835            
946.13434  280.88495            
947.13448  276.66292            
948.13462  272.45404            
949.13476  268.26001            
950.13491  264.08253            
951.13505  259.92323            
952.13519  255.78373            
953.13533  251.66558            
954.13548  247.5703            
955.13562  243.49936            
956.13576  239.45417            
957.1359  235.43612            
958.13604  231.44655            
959.13619  227.48675            
960.13633  223.55795            
961.13647  219.66137            
962.13661  215.79814            
963.13675  211.96937            
964.1369  208.17611            
965.13704  204.41936            
966.13718  200.70007            
967.13732  197.01914            
968.13746  193.37743            
969.13761  189.77576            
970.13775  186.2149            
971.13789  182.69556            
972.13803  179.21841            
973.13817  175.78409            
974.13832  172.39318            
975.13846  169.04621            
976.1386  165.74367            
977.13874  162.48602            
978.13888  159.27367            
979.13903  156.10698            
980.13917  152.98628            
981.13931  149.91187            
982.13945  146.884            
983.13959  143.90289            
984.13974  140.96872            
985.13988  138.08162            
986.14002  135.2417            
987.14016  132.44905            
988.1403  129.70371            
989.14045  127.00571            
990.14059  124.35502            
991.14073  121.7516            
992.14087  119.19539            
993.14101  116.68629            
994.14116  114.22418            
995.1413  111.80891            
996.14144  109.44032            
997.14158  107.11821            
998.14172  104.84237            
999.14187  102.61258            
1000.142  100.42858            
1001.1421  98.290112            
1002.1423  96.196884            
1003.1424  94.148595            
1004.1426  92.144925            
1005.1427  90.185533            
1006.1429  88.270075            
1007.143  86.398191            
1008.1431  84.569511            
1009.1433  82.783644            
1010.1434  81.040195            
1011.1436  79.338751            
1012.1437  77.678896            
1013.1439  76.0602            
1014.144  74.482221            
1015.1441  72.944505            
1016.1443  71.446598            
1017.1444  69.988038            
1018.1446  68.568349            
1019.1447  67.187052            
1020.1448  65.843657            
1021.145  64.53767            
1022.1451  63.268587            
1023.1453  62.035898            
1024.1454  60.839092            
1025.1456  59.67764            
1026.1457  58.551024            
1027.1458  57.458711            
1028.146  56.400164            
1029.1461  55.374841            
1030.1463  54.382194            
1031.1464  53.421671            
1032.1466  52.492735            
1033.1467  51.594871            
1034.1468  50.727477            
1035.147  49.889946            
1036.1471  49.081682            
1037.1473  48.302081            
1038.1474  47.550535            
1039.1475  46.826441            
1040.1477  46.129191            
1041.1478  45.45818            
1042.148  44.812802            
1043.1481  44.192453            
1044.1483  43.596527            
1045.1484  43.02442            
1046.1485  42.475536            
1047.1487  41.949274            
1048.1488  41.445036            
1049.149  40.962225            
1050.1491  40.500246            
1051.1492  40.058508            
1052.1494  39.63642            
1053.1495  39.233396            
1054.1497  38.848853            
1055.1498  38.482215            
1056.15  38.132911            
1057.1501  37.800372            
1058.1502  37.484033            
1059.1504  37.183337            
1060.1505  36.89773            
1061.1507  36.626668            
1062.1508  36.36961            
1063.151  36.126022            
1064.1511  35.89538            
1065.1512  35.677168            
1066.1514  35.47088            
1067.1515  35.276016            
1068.1517  35.092083            
1069.1518  34.918601            
1070.1519  34.755096            
1071.1521  34.601106            
1072.1522  34.456181            
1073.1524  34.319879            
1074.1525  34.19177            
1075.1527  34.071438            
1076.1528  33.958476            
1077.1529  33.852487            
1078.1531  33.753087            
1079.1532  33.659903            
1080.1534  33.572575            
1081.1535  33.490755            
1082.1537  33.414105            
1083.1538  33.342303            
1084.1539  33.27504            
1085.1541  33.212021            
1086.1542  33.15296            
1087.1544  33.097582            
1088.1545  33.045626            
1089.1546  32.996843            
1090.1548  32.950995            
1091.1549  32.907857            
1092.1551  32.867215            
1093.1552  32.828869            
1094.1554  32.792629            
1095.1555  32.758318            
1096.1556  32.725769            
1097.1558  32.694824            
1098.1559  32.665335            
1099.1561  32.637166            
1100.1562  32.610188            
1101.1564  32.584284            
1102.1565  32.559345            
1103.1566  32.535272            
1104.1568  32.511972            
1105.1569  32.489364            
1106.1571  32.467371            
1107.1572  32.445925            
1108.1573  32.424963            
1109.1575  32.404429            
1110.1576  32.384273            
1111.1578  32.364452            
1112.1579  32.344927            
1113.1581  32.325664            
1114.1582  32.306633            
1115.1583  32.287811            
