0  36.099305            
0.99975106  36.301187            
1.9995021  36.520873            
2.9992532  36.760454            
3.9990042  37.022163            
4.9987553  37.308379            
5.9985064  37.621623            
6.9982574  37.964566            
7.9980085  38.340025            
8.9977595  38.750966            
9.9975106  39.200502            
10.997262  39.691895            
11.997013  40.228549            
12.996764  40.81401            
13.996515  41.451964            
14.996266  42.146226            
15.996017  42.900738            
16.995768  43.71956            
17.995519  44.606857            
18.99527  45.566896            
19.995021  46.604023            
20.994772  47.72266            
21.994523  48.92728            
22.994274  50.222394            
23.994025  51.612533            
24.993777  53.102225            
25.993528  54.695973            
26.993279  56.398234            
27.99303  58.21339            
28.992781  60.145725            
29.992532  62.199396            
30.992283  64.378406            
31.992034  66.686573            
32.991785  69.127502            
33.991536  71.704554            
34.991287  74.420814            
35.991038  77.279064            
36.990789  80.281751            
37.99054  83.43096            
38.990291  86.72838            
39.990042  90.175282            
40.989794  93.772494            
41.989545  97.52037            
42.989296  101.41877            
43.989047  105.46705            
44.988798  109.66404            
45.988549  114.00799            
46.9883  118.49664            
47.988051  123.12712            
48.987802  127.89603            
49.987553  132.79936            
50.987304  137.83253            
51.987055  142.9904            
52.986806  148.26725            
53.986557  153.65683            
54.986308  159.15233            
55.986059  164.74643            
56.98581  170.43131            
57.985562  176.19868            
58.985313  182.03978            
59.985064  187.94547            
60.984815  193.9062            
61.984566  199.91208            
62.984317  205.95293            
63.984068  212.01828            
64.983819  218.09744            
65.98357  224.17954            
66.983321  230.25357            
67.983072  236.30843            
68.982823  242.33298            
69.982574  248.31606            
70.982325  254.24657            
71.982076  260.11351            
72.981827  265.90598            
73.981579  271.61331            
74.98133  277.225            
75.981081  282.73085            
76.980832  288.12096            
77.980583  293.38574            
78.980334  298.516            
79.980085  303.50296            
80.979836  308.33827            
81.979587  313.01404            
82.979338  317.52288            
83.979089  321.85792            
84.97884  326.01282            
85.978591  329.98179            
86.978342  333.75961            
87.978093  337.34162            
88.977844  340.72379            
89.977595  343.90264            
90.977347  346.87533            
91.977098  349.63959            
92.976849  352.19376            
93.9766  354.53679            
94.976351  356.66822            
95.976102  358.58816            
96.975853  360.29733            
97.975604  361.797            
98.975355  363.089            
99.975106  364.1757            
100.97486  365.06002            
101.97461  365.74537            
102.97436  366.23566            
103.97411  366.53531            
104.97386  366.64916            
105.97361  366.5825            
106.97336  366.34105            
107.97311  365.93092            
108.97287  365.35859            
109.97262  364.63088            
110.97237  363.75494            
111.97212  362.73824            
112.97187  361.58848            
113.97162  360.31364            
114.97137  358.9219            
115.97112  357.42163            
116.97087  355.82138            
117.97063  354.1298            
118.97038  352.35566            
119.97013  350.50781            
120.96988  348.59512            
121.96963  346.62648            
122.96938  344.61076            
123.96913  342.55678            
124.96888  340.47327            
125.96863  338.36887            
126.96838  336.25205            
127.96814  334.13113            
128.96789  332.01421            
129.96764  329.9092            
130.96739  327.82372            
131.96714  325.76513            
132.96689  323.74049            
133.96664  321.75654            
134.96639  319.81967            
135.96614  317.93592            
136.9659  316.11095            
137.96565  314.35005            
138.9654  312.6581            
139.96515  311.03957            
140.9649  309.49856            
141.96465  308.03871            
142.9644  306.6633            
143.96415  305.37517            
144.9639  304.17678            
145.96365  303.07021            
146.96341  302.05716            
147.96316  301.13897            
148.96291  300.31663            
149.96266  299.59082            
150.96241  298.96192            
151.96216  298.43004            
152.96191  297.99502            
153.96166  297.6565            
154.96141  297.41389            
155.96117  297.26648            
156.96092  297.21336            
157.96067  297.25356            
158.96042  297.38598            
159.96017  297.6095            
160.95992  297.92292            
161.95967  298.32507            
162.95942  298.81477            
163.95917  299.39086            
164.95893  300.05224            
165.95868  300.79788            
166.95843  301.62678            
167.95818  302.53805            
168.95793  303.53087            
169.95768  304.60449            
170.95743  305.75825            
171.95718  306.99156            
172.95693  308.30387            
173.95668  309.69469            
174.95644  311.16354            
175.95619  312.70996            
176.95594  314.33346            
177.95569  316.0335            
178.95544  317.80947            
179.95519  319.66063            
180.95494  321.58612            
181.95469  323.58488            
182.95444  325.65565            
183.9542  327.79691            
184.95395  330.00686            
185.9537  332.28336            
186.95345  334.62392            
187.9532  337.02567            
188.95295  339.48529            
189.9527  341.99902            
190.95245  344.56263            
191.9522  347.17138            
192.95195  349.82001            
193.95171  352.50273            
194.95146  355.21321            
195.95121  357.94457            
196.95096  360.68938            
197.95071  363.43968            
198.95046  366.18696            
199.95021  368.9222            
200.94996  371.63591            
201.94971  374.31811            
202.94947  376.9584            
203.94922  379.54597            
204.94897  382.06967            
205.94872  384.51806            
206.94847  386.87941            
207.94822  389.14182            
208.94797  391.29325            
209.94772  393.32157            
210.94747  395.21465            
211.94722  396.9604            
212.94698  398.54689            
213.94673  399.96233            
214.94648  401.19523            
215.94623  402.23442            
216.94598  403.06913            
217.94573  403.68906            
218.94548  404.08445            
219.94523  404.24611            
220.94498  404.16553            
221.94474  403.8349            
222.94449  403.24718            
223.94424  402.39614            
224.94399  401.27641            
225.94374  399.88351            
226.94349  398.21387            
227.94324  396.26491            
228.94299  394.03499            
229.94274  391.52349            
230.9425  388.73077            
231.94225  385.6582            
232.942  382.30816            
233.94175  378.68403            
234.9415  374.79016            
235.94125  370.63185            
236.941  366.21536            
237.94075  361.54785            
238.9405  356.63735            
239.94025  351.49272            
240.94001  346.12361            
241.93976  340.54042            
242.93951  334.75423            
243.93926  328.77675            
244.93901  322.62031            
245.93876  316.29771            
246.93851  309.82224            
247.93826  303.20759            
248.93801  296.46777            
249.93777  289.61709            
250.93752  282.67004            
251.93727  275.64127            
252.93702  268.54551            
253.93677  261.39752            
254.93652  254.212            
255.93627  247.00356            
256.93602  239.78667            
257.93577  232.57556            
258.93552  225.38422            
259.93528  218.2263            
260.93503  211.11511            
261.93478  204.06353            
262.93453  197.084            
263.93428  190.18849            
264.93403  183.3884            
265.93378  176.69461            
266.93353  170.1174            
267.93328  163.66644            
268.93304  157.35075            
269.93279  151.17872            
270.93254  145.15804            
271.93229  139.29573            
272.93204  133.59813            
273.93179  128.07086            
274.93154  122.71884            
275.93129  117.54629            
276.93104  112.55673            
277.93079  107.75299            
278.93055  103.13721            
279.9303  98.71084            
280.93005  94.474688            
281.9298  90.428907            
282.92955  86.573026            
283.9293  82.905967            
284.92905  79.426068            
285.9288  76.13111            
286.92855  73.018343            
287.92831  70.084514            
288.92806  67.325896            
289.92781  64.738323            
290.92756  62.31722            
291.92731  60.057637            
292.92706  57.954287            
293.92681  56.001577            
294.92656  54.193649            
295.92631  52.524412            
296.92607  50.987583            
297.92582  49.576721            
298.92557  48.285268            
299.92532  47.106578            
300.92507  46.033961            
301.92482  45.060714            
302.92457  44.180155            
303.92432  43.385657            
304.92407  42.670681            
305.92382  42.028805            
306.92358  41.453753            
307.92333  40.939422            
308.92308  40.479909            
309.92283  40.06953            
310.92258  39.702845            
311.92233  39.374674            
312.92208  39.080115            
313.92183  38.814558            
314.92158  38.573692            
315.92134  38.353521            
316.92109  38.150365            
317.92084  37.960866            
318.92059  37.781988            
319.92034  37.611018            
320.92009  37.445562            
321.91984  37.283538            
322.91959  37.123168            
323.91934  36.962971            
324.91909  36.801749            
325.91885  36.638575            
326.9186  36.472774            
327.91835  36.303912            
328.9181  36.131776            
329.91785  35.956355            
330.9176  35.77782            
331.91735  35.596505            
332.9171  35.412888            
333.91685  35.227568            
334.91661  35.041243            
335.91636  34.854696            
336.91611  34.668767            
337.91586  34.48434            
338.91561  34.302322            
339.91536  34.123622            
340.91511  33.949142            
341.91486  33.779755            
342.91461  33.616292            
343.91437  33.459531            
344.91412  33.310185            
345.91387  33.168893            
346.91362  33.036209            
347.91337  32.912599            
348.91312  32.798433            
349.91287  32.693984            
350.91262  32.599422            
351.91237  32.514821            
352.91212  32.440151            
353.91188  32.375289            
354.91163  32.320013            
355.91138  32.274018            
356.91113  32.236913            
357.91088  32.208229            
358.91063  32.187433            
359.91038  32.173926            
360.91013  32.167062            
361.90988  32.166149            
362.90964  32.170462            
363.90939  32.179256            
364.90914  32.191766            
365.90889  32.207226            
366.90864  32.224873            
367.90839  32.243958            
368.90814  32.263754            
369.90789  32.283561            
370.90764  32.302717            
371.90739  32.320604            
372.90715  32.336652            
373.9069  32.350346            
374.90665  32.361227            
375.9064  32.368899            
376.90615  32.37303            
377.9059  32.373353            
378.90565  32.369667            
379.9054  32.361838            
380.90515  32.349795            
381.90491  32.333534            
382.90466  32.313109            
383.90441  32.288634            
384.90416  32.260277            
385.90391  32.228256            
386.90366  32.192834            
387.90341  32.154317            
388.90316  32.113043            
389.90291  32.069381            
390.90266  32.023726            
391.90242  31.976487            
392.90217  31.928089            
393.90192  31.878959            
394.90167  31.829528            
395.90142  31.780221            
396.90117  31.731452            
397.90092  31.683619            
398.90067  31.637102            
399.90042  31.592256            
400.90018  31.549407            
401.89993  31.50885            
402.89968  31.470846            
403.89943  31.43562            
404.89918  31.403356            
405.89893  31.374202            
406.89868  31.348262            
407.89843  31.3256            
408.89818  31.306242            
409.89794  31.290169            
410.89769  31.277329            
411.89744  31.26763            
412.89719  31.260946            
413.89694  31.257119            
414.89669  31.25596            
415.89644  31.257257            
416.89619  31.260773            
417.89594  31.266252            
418.89569  31.273423            
419.89545  31.282005            
420.8952  31.291708            
421.89495  31.30224            
422.8947  31.31331            
423.89445  31.32463            
424.8942  31.335923            
425.89395  31.346925            
426.8937  31.357386            
427.89345  31.367075            
428.89321  31.375786            
429.89296  31.383336            
430.89271  31.389569            
431.89246  31.39436            
432.89221  31.397613            
433.89196  31.399265            
434.89171  31.399285            
435.89146  31.397675            
436.89121  31.39447            
437.89096  31.389737            
438.89072  31.383574            
439.89047  31.376109            
440.89022  31.367498            
441.88997  31.357921            
442.88972  31.347582            
443.88947  31.336706            
444.88922  31.325534            
445.88897  31.314319            
446.88872  31.303325            
447.88848  31.292822            
448.88823  31.283081            
449.88798  31.274373            
450.88773  31.266961            
451.88748  31.261099            
452.88723  31.257027            
453.88698  31.254967            
454.88673  31.255122            
455.88648  31.257669            
456.88623  31.262759            
457.88599  31.270513            
458.88574  31.281022            
459.88549  31.294342            
460.88524  31.310494            
461.88499  31.329465            
462.88474  31.351206            
463.88449  31.375632            
464.88424  31.402623            
465.88399  31.432026            
466.88375  31.463657            
467.8835  31.497301            
468.88325  31.532718            
469.883  31.569641            
470.88275  31.607787            
471.8825  31.646853            
472.88225  31.686526            
473.882  31.726486            
474.88175  31.766406            
475.88151  31.805965            
476.88126  31.844846            
477.88101  31.882744            
478.88076  31.91937            
479.88051  31.954454            
480.88026  31.987753            
481.88001  32.019052            
482.87976  32.048167            
483.87951  32.074953            
484.87926  32.099301            
485.87902  32.121144            
486.87877  32.14046            
487.87852  32.157268            
488.87827  32.171633            
489.87802  32.183665            
490.87777  32.193519            
491.87752  32.20139            
492.87727  32.207517            
493.87702  32.212174            
494.87678  32.215673            
495.87653  32.218356            
496.87628  32.220592            
497.87603  32.222773            
498.87578  32.225306            
499.87553  32.228614            
500.87528  32.233122            
501.87503  32.23926            
502.87478  32.247448            
503.87453  32.258097            
504.87429  32.2716            
505.87404  32.288329            
506.87379  32.308624            
507.87354  32.332796            
508.87329  32.361114            
509.87304  32.393808            
510.87279  32.431062            
511.87254  32.47301            
512.87229  32.519739            
513.87205  32.571281            
514.8718  32.627619            
515.87155  32.688683            
516.8713  32.754355            
517.87105  32.824467            
518.8708  32.898807            
519.87055  32.977125            
520.8703  33.059133            
521.87005  33.144517            
522.8698  33.232937            
523.86956  33.324043            
524.86931  33.417476            
525.86906  33.512881            
526.86881  33.609915            
527.86856  33.708259            
528.86831  33.807629            
529.86806  33.907785            
530.86781  34.008543            
531.86756  34.10979            
532.86732  34.211489            
533.86707  34.313697            
534.86682  34.416576            
535.86657  34.520398            
536.86632  34.625565            
537.86607  34.732613            
538.86582  34.842224            
539.86557  34.955235            
540.86532  35.072651            
541.86508  35.195645            
542.86483  35.325571            
543.86458  35.46397            
544.86433  35.612571            
545.86408  35.773299            
546.86383  35.948276            
547.86358  36.139826            
548.86333  36.35047            
549.86308  36.582929            
550.86283  36.840122            
551.86259  37.125164            
552.86234  37.441355            
553.86209  37.792185            
554.86184  38.181316            
555.86159  38.612581            
556.86134  39.089971            
557.86109  39.617624            
558.86084  40.199815            
559.86059  40.84094            
560.86035  41.545501            
561.8601  42.318093            
562.85985  43.163383            
563.8596  44.086095            
564.85935  45.090988            
565.8591  46.182839            
566.85885  47.366417            
567.8586  48.646466            
568.85835  50.027676            
569.8581  51.514667            
570.85786  53.111956            
571.85761  54.823937            
572.85736  56.654857            
573.85711  58.608784            
574.85686  60.689586            
575.85661  62.900903            
576.85636  65.246122            
577.85611  67.728346            
578.85586  70.350375            
579.85562  73.114674            
580.85537  76.023354            
581.85512  79.078143            
582.85487  82.280364            
583.85462  85.630916            
584.85437  89.130246            
585.85412  92.778338            
586.85387  96.574688            
587.85362  100.51829            
588.85337  104.60763            
589.85313  108.84066            
590.85288  113.21479            
591.85263  117.72689            
592.85238  122.37328            
593.85213  127.14975            
594.85188  132.05149            
595.85163  137.07319            
596.85138  142.20899            
597.85113  147.45247            
598.85089  152.79674            
599.85064  158.23436            
600.85039  163.75745            
601.85014  169.35764            
602.84989  175.02616            
603.84964  180.75378            
604.84939  186.53096            
605.84914  192.34777            
606.84889  198.194            
607.84865  204.05916            
608.8484  209.93255            
609.84815  215.80328            
610.8479  221.66033            
611.84765  227.49259            
612.8474  233.28888            
613.84715  239.03807            
614.8469  244.72905            
615.84665  250.35082            
616.8464  255.89254            
617.84616  261.34355            
618.84591  266.69345            
619.84566  271.93212            
620.84541  277.04978            
621.84516  282.03704            
622.84491  286.88492            
623.84466  291.58488            
624.84441  296.1289            
625.84416  300.50946            
626.84392  304.71962            
627.84367  308.753            
628.84342  312.60384            
629.84317  316.26697            
630.84292  319.7379            
631.84267  323.01276            
632.84242  326.08834            
633.84217  328.96211            
634.84192  331.63217            
635.84167  334.0973            
636.84143  336.35693            
637.84118  338.41112            
638.84093  340.26056            
639.84068  341.90655            
640.84043  343.35098            
641.84018  344.5963            
642.83993  345.64551            
643.83968  346.50212            
644.83943  347.17014            
645.83919  347.65401            
646.83894  347.95861            
647.83869  348.08922            
648.83844  348.05145            
649.83819  347.85127            
650.83794  347.4949            
651.83769  346.98885            
652.83744  346.33983            
653.83719  345.55476            
654.83694  344.6407            
655.8367  343.60484            
656.83645  342.45447            
657.8362  341.19696            
658.83595  339.83969            
659.8357  338.3901            
660.83545  336.85558            
661.8352  335.24353            
662.83495  333.56128            
663.8347  331.81609            
664.83446  330.01514            
665.83421  328.16552            
666.83396  326.2742            
667.83371  324.34803            
668.83346  322.39373            
669.83321  320.41786            
670.83296  318.42686            
671.83271  316.427            
672.83246  314.42438            
673.83222  312.42495            
674.83197  310.43449            
675.83172  308.4586            
676.83147  306.50272            
677.83122  304.57211            
678.83097  302.67185            
679.83072  300.80685            
680.83047  298.98184            
681.83022  297.20137            
682.82997  295.46981            
683.82973  293.79135            
684.82948  292.17            
685.82923  290.6096            
686.82898  289.11378            
687.82873  287.68601            
688.82848  286.32956            
689.82823  285.04753            
690.82798  283.84281            
691.82773  282.71811            
692.82749  281.67597            
693.82724  280.71871            
694.82699  279.84847            
695.82674  279.06721            
696.82649  278.37669            
697.82624  277.77846            
698.82599  277.27392            
699.82574  276.86423            
700.82549  276.5504            
701.82524  276.33324            
702.825  276.21337            
703.82475  276.19124            
704.8245  276.2671            
705.82425  276.44104            
706.824  276.71299            
707.82375  277.08268            
708.8235  277.5497            
709.82325  278.11347            
710.823  278.77327            
711.82276  279.52822            
712.82251  280.37728            
713.82226  281.31929            
714.82201  282.35294            
715.82176  283.4768            
716.82151  284.68929            
717.82126  285.98872            
718.82101  287.37325            
719.82076  288.84095            
720.82052  290.38972            
721.82027  292.01737            
722.82002  293.72158            
723.81977  295.49987            
724.81952  297.34967            
725.81927  299.26824            
726.81902  301.25271            
727.81877  303.30009            
728.81852  305.40719            
729.81827  307.57069            
730.81803  309.78711            
731.81778  312.05278            
732.81753  314.36385            
733.81728  316.71629            
734.81703  319.10587            
735.81678  321.52816            
736.81653  323.9785            
737.81628  326.45205            
738.81603  328.94372            
739.81579  331.44821            
740.81554  333.95997            
741.81529  336.47326            
742.81504  338.98208            
743.81479  341.48022            
744.81454  343.96124            
745.81429  346.41848            
746.81404  348.8451            
747.81379  351.23403            
748.81354  353.57805            
749.8133  355.86976            
750.81305  358.10159            
751.8128  360.26588            
752.81255  362.35483            
753.8123  364.36059            
754.81205  366.27523            
755.8118  368.0908            
756.81155  369.79936            
757.8113  371.39301            
758.81106  372.86391            
759.81081  374.20432            
760.81056  375.40666            
761.81031  376.46351            
762.81006  377.36766            
763.80981  378.11216            
764.80956  378.69033            
765.80931  379.09582            
766.80906  379.32262            
767.80881  379.36514            
768.80857  379.21816            
769.80832  378.87695            
770.80807  378.33723            
771.80782  377.59524            
772.80757  376.64773            
773.80732  375.49201            
774.80707  374.12595            
775.80682  372.54799            
776.80657  370.75719            
777.80633  368.75317            
778.80608  366.53618            
779.80583  364.10708            
780.80558  361.46731            
781.80533  358.61896            
782.80508  355.56466            
783.80483  352.30765            
784.80458  348.85176            
785.80433  345.20134            
786.80409  341.36129            
787.80384  337.33704            
788.80359  333.13449            
789.80334  328.76001            
790.80309  324.22041            
791.80284  319.52293            
792.80259  314.67515            
793.80234  309.68503            
794.80209  304.56083            
795.80184  299.31111            
796.8016  293.94467            
797.80135  288.47051            
798.8011  282.89784            
799.80085  277.23602            
800.8006  271.4945            
801.80035  265.68285            
802.8001  259.81066            
803.79985  253.88756            
804.7996  247.92319            
805.79936  241.92712            
806.79911  235.90888            
807.79886  229.87789            
808.79861  223.84348            
809.79836  217.81483            
810.79811  211.80094            
811.79786  205.81064            
812.79761  199.85257            
813.79736  193.93512            
814.79711  188.06645            
815.79687  182.25446            
816.79662  176.50676            
817.79637  170.8307            
818.79612  165.23331            
819.79587  159.72128            
820.79562  154.30102            
821.79537  148.97855            
822.79512  143.75958            
823.79487  138.64943            
824.79463  133.65309            
825.79438  128.77514            
826.79413  124.01979            
827.79388  119.39087            
828.79363  114.89182            
829.79338  110.52569            
830.79313  106.29511            
831.79288  102.20234            
832.79263  98.249217            
833.79238  94.4372            
834.79214  90.76734            
835.79189  87.240299            
836.79164  83.856348            
837.79139  80.615376            
838.79114  77.516896            
839.79089  74.560052            
840.79064  71.743631            
841.79039  69.066073            
842.79014  66.525481            
843.7899  64.119641            
844.78965  61.846031            
845.7894  59.701841            
846.78915  57.68399            
847.7889  55.789144            
848.78865  54.013736            
849.7884  52.353989            
850.78815  50.805936            
851.7879  49.365443            
852.78766  48.02823            
853.78741  46.7899            
854.78716  45.645957            
855.78691  44.591831            
856.78666  43.622907            
857.78641  42.734541            
858.78616  41.922089            
859.78591  41.180927            
860.78566  40.506473            
861.78541  39.894209            
862.78517  39.3397            
863.78492  38.838613            
864.78467  38.386734            
865.78442  37.979984            
866.78417  37.614436            
867.78392  37.28632            
868.78367  36.992044            
869.78342  36.728195            
870.78317  36.49155            
871.78293  36.279082            
872.78268  36.087962            
873.78243  35.91556            
874.78218  35.759449            
875.78193  35.617401            
876.78168  35.487383            
877.78143  35.367555            
878.78118  35.256262            
879.78093  35.152029            
880.78068  35.053553            
881.78044  34.95969            
882.78019  34.86945            
883.77994  34.781984            
884.77969  34.696574            
885.77944  34.612623            
886.77919  34.52964            
887.77894  34.447233            
888.77869  34.365094            
889.77844  34.282992            
890.7782  34.20076            
891.77795  34.118285            
892.7777  34.035502            
893.77745  33.952382            
894.7772  33.868924            
895.77695  33.785151            
896.7767  33.701102            
897.77645  33.616829            
898.7762  33.532389            
899.77595  33.447843            
900.77571  33.363254            
901.77546  33.278685            
902.77521  33.194197            
903.77496  33.109847            
904.77471  33.025694            
905.77446  32.941794            
906.77421  32.858204            
907.77396  32.774983            
908.77371  32.692192            
909.77347  32.609901            
910.77322  32.528185            
911.77297  32.447127            
912.77272  32.366825            
913.77247  32.287386            
914.77222  32.208932            
915.77197  32.131599            
916.77172  32.055538            
917.77147  31.980915            
918.77123  31.907912            
919.77098  31.83672            
920.77073  31.767547            
921.77048  31.700607            
922.77023  31.636124            
923.76998  31.574326            
924.76973  31.515442            
925.76948  31.4597            
